4.583609274662314714e-02
-2.647618085754888106e-01
-1.147407532870397873e+01
-2.846733152781014131e-01
-3.449285530147010448e-01
4.991015288288231377e-01
-1.227480028922543376e+00
-1.006967028426033472e+00
9.309911773853446482e-02
2.183580345405721768e-01
1.863290853513565715e+00
-7.078689096347954290e-01
1.855609541239924276e+00
1.578702778164333242e+00
7.220754098754360584e+00
1.104952143876931459e+01
-2.070918365619132118e+01
-2.785517014285623372e-01
7.380268523769204503e-01
8.075668597281355776e-01
3.897326953146251771e-01
2.137772898011528611e+01
5.987479847244936426e-01
-1.310816112224403751e+00
-2.439777095009476593e+00
-1.259124622123685366e+00
1.106651854321382356e+00
-2.412272772201902171e+00
8.308038118438203057e+00
-1.132889452844898504e+00
2.118879296066169537e-01
3.774947854275721437e-01
-7.503283727963844241e-01
5.641176946465731312e-01
3.959446716868317284e-01
-7.101592666932707409e+00
8.536431141575864245e-01
7.815997609347511421e-01
1.136713690350170580e+01
-2.561091419848596829e+01
-1.064532017045610457e-01
-1.207710758524456751e-01
-5.131377529241337720e-01
8.160487850250919273e-01
-1.491455587768152125e+00
3.989711733431104967e-01
5.082559297076367777e-01
3.151373331397826050e+00
2.476383971599507738e+00
5.199897352936900807e-01
3.813036087693202347e-01
-5.361757710296530810e-01
-5.436904463749971939e-01
-7.825081578035519847e-01
8.012590486585375871e-01
-4.208506259511575198e-01
-1.432463034546523684e+00
-7.653223024739909119e-01
-1.253984146473238637e+00
-8.384174770427506029e-01
-1.953802108260740411e-01
1.559066220260792335e+00
8.899875145352420525e-01
7.124993069966516490e-01
-2.868698878739941005e+00
-2.982296432459864644e+00
-1.838192045312325162e-01
-5.381922795769074952e+00
-2.034573723487817620e+00
-2.506550451449828021e+00
-5.259046795228486948e-01
-5.093038328107626356e-01
9.953380301998282498e-02
-1.336093369057633540e+00
3.809487194052089798e+00
1.127738414926055643e+00
-6.244455859464204117e-01
2.684659347756432335e-01
1.574349057401071228e+00
-1.468286657923790628e+01
-5.510929592047548731e-01
8.394652954654783228e-01
4.768445279327526709e-01
5.389206880583403692e-01
3.287243581824991212e-01
-1.029193073224927701e+00
-7.163456684115570017e-01
-4.001192131934926621e+00
1.687103931603628482e-02
9.389587163318055540e-02
4.157211206513659052e-01
-2.906375774958951108e-02
1.797161124992660231e+00
1.798020703788128927e+01
-1.002828623261254326e-01
1.372621612055636930e+00
2.924934576736293312e-01
-6.580416261167567615e-01
-4.942332303704405350e-02
-1.370644288789588661e-01
6.721328700169044712e-01
-4.893442058989316279e-01
1.340763041075751505e-01
2.375624579856817409e+00
1.120385971456353502e+01
4.468638692473763663e-01
3.409249890913583769e-01
2.207819294613596384e+00
-2.094768428890533052e+00
7.323041984589426789e-01
-1.486689787063323998e+00
1.347323936248443488e+00
-9.602573940977123801e-01
1.210197736543636160e-02
3.866636463680571900e+00
3.345160828615156845e-02
-2.449087225456982320e-01
-3.349219498776904835e+00
-1.789289629879532439e+00
5.395122719162977809e+00
2.095651838021979962e+00
-2.670039214009654316e+01
-5.967542903576501523e-01
-3.316682344941597194e-01
9.318214348851028284e-01
-4.494530491844963560e-01
-2.049608997021895807e+00
-1.910870802825337944e-01
-1.541869765194640474e+00
-6.130854556804161692e-01
-1.391731648969652513e+00
3.991439313548656997e-01
-9.787125911025313485e+00
-7.574066899850240286e-01
-9.479763568427279630e-01
-9.834472207778428565e-01
4.825253716613824295e+00
2.266932056618768954e-01
5.543589757665874362e-01
1.838274389443787182e+00
1.022910520268715817e-01
-3.275705284385470595e-01
1.049314607228222673e+00
4.818706604012386485e+00
-8.513959832519355508e-01
-1.676073205745453043e+00
6.083152379186123504e+00
4.672969322321748886e-01
9.857357426626900399e-02
1.597675343037771034e+00
9.194834647119587423e-01
-2.421938456429115760e-01
-9.500131950158121619e-01
2.427225031615338757e-01
-2.941728623623666827e+00
9.160230789497592063e-02
-2.304628406340698099e+00
7.164756596308512471e-01
7.416167680046620303e-01
-2.448778030166160136e+00
-3.603312130501979293e+00
2.561461958249765303e+00
-1.692527353026444636e+00
2.868104910795747031e+00
9.450102584692627872e-01
3.225173817723128167e+00
8.351720418444261718e-01
3.498995956750812208e-01
3.133953613007711247e+00
5.873510953280396407e-01
-1.471500829508305686e-01
3.279484307331825832e-02
4.126164809874091621e-01
6.177986369298147373e-01
-5.262145892044903794e-01
1.352283271360862571e+00
8.286980531399141370e+00
-3.775170148253528701e+00
7.256474565461874526e-01
-8.624812887474408996e-02
-2.659260719961405783e+00
4.424949519445078860e-01
4.687946486050378336e-01
-4.843886407945097616e+00
-4.587027302690632746e-01
-4.237754759789417847e+00
4.748788028062327360e-01
-2.590077267817171958e+00
-9.276838053740893431e-01
7.983477945672081688e-01
1.676550996781602798e-01
-2.825523581349252966e-01
-7.496765823214068813e-01
1.256203493538490479e+00
4.690921083126717850e-01
-1.440641748794392552e+00
4.606068958766718069e-01
-4.721434354133852151e-01
4.936583011386792563e-01
1.081601452410491859e+01
-2.624792678142286562e+00
-1.107787715899225756e+00
-7.974680501887480011e-01
-3.826768175345970913e-02
4.575226906581770780e-01
8.142581834529611928e-01
1.095583034209438589e+00
2.613562778186869995e+00
2.169244987097806998e-02
-2.110684215634001104e-01
-2.451339282658126617e+00
-1.972965366348469018e+01
4.655819167518631119e+00
1.660752266138887157e+00
-2.627661738533259239e+00
-7.429663257042904423e-01
-2.646978239294857982e+00
9.865664170947349154e-01
-8.323565935017315454e+00
-7.560268235520988256e-01
1.616758439932694635e+00
-1.946875450520971551e+00
1.963060610599634215e+00
-3.762110722171707611e+00
1.395043667434189949e+00
4.583531763187884689e-01
3.774434662768671345e+00
-3.286032313824691076e-01
1.762886533963777591e+00
-1.769669267924446343e+00
1.444564886490022904e-01
1.543074347139979097e-01
-2.547266798714795222e+00
1.430514093006354903e+00
-2.714717482968549978e-01
-1.672174166888309443e+00
9.727999942516097898e-01
4.664998020678334800e-01
4.212122655999647747e-02
-1.437938150791561620e+00
4.607299566816181802e+00
2.614552013937933572e-01
-1.873056440534685407e+01
1.980738118466294440e+00
-1.438137069360186093e-01
-2.012950594903550439e+00
-5.053795700816038350e-01
3.614137346902783210e-01
-1.129014120630861928e+00
-1.509725417080785448e+00
4.699849360393255182e+00
-2.913680167240104146e-01
-1.096533279874256639e-01
-3.760770600774542949e+00
-1.204354326707990808e+00
-6.264666419576513157e+00
-1.575322089104275847e+00
-3.480160904087712836e+00
2.782518401018296839e-01
-1.644946427812560508e+00
2.100502829858033049e-01
-2.987801331227228019e+00
-2.262872013395983151e-01
1.814893966042277151e+00
-1.883181878549391453e+00
