7.309977657897144265e-01
5.244962691009090738e-01
1.139913172423455379e+01
-1.184961453107155893e-01
-2.004561974710006300e-01
-2.621647144583825195e+00
-2.428722352361568637e-01
3.447731295573031596e-01
4.094621270194616636e-01
-7.030502019162838678e-01
6.602890166287703755e-01
1.203780132502212386e-01
-5.256457141868237093e-01
-2.581869449991051058e-01
7.487759855285909261e+00
-1.763542140322024165e-01
8.250289792182099902e+00
-3.427143383133305354e-01
-8.095623865846514056e-01
-6.926555409578567524e-01
1.759456290833989023e+00
-4.310206482988037990e+00
2.123478407473506913e-01
-9.254324023400246624e-01
-9.207021088264391029e-01
-3.999575740023495474e-01
6.883813236331071117e-01
4.202116602624046959e-01
-8.196118578359529172e-01
-1.255847694291211403e-01
-6.164313499311980804e-01
7.759330369911211500e-01
3.939066723934463443e-01
8.624494378671265782e-02
-4.982580180727443353e-01
4.385705982483230347e-02
1.310744362576379829e-01
5.084842048787113988e+00
8.218862183301074431e-01
1.531748534338247225e+01
7.888070182259732110e-02
-3.133362472234021423e-01
7.048264857971862085e-01
2.573644272804045396e-01
-2.172064397786137024e-01
-8.768935778278630355e-02
4.196619137851528514e+00
8.453982897709025890e-01
1.089048835417587568e+01
5.167823254703716312e-02
6.420521552653705166e-01
5.821689446066269369e+00
6.854233388532493532e-02
4.383658687387476105e-01
-5.373623279622048443e-01
1.560052289188208763e-01
5.261696540562235125e-01
6.482845611681478104e-01
1.250426803468698278e-01
2.487803274162717626e-01
3.814538111470391207e-03
1.488843969607651085e-01
-1.075112433566274461e+01
-1.130335679805645477e-01
-3.880929581202032796e-01
-2.311156523588165923e-01
-3.112127348015246153e-01
-9.330258112356218381e-02
-2.028866519888941866e+01
-1.918918461273169118e-01
-4.713843981289473350e-01
3.353254131717026132e-01
-8.030388354190780120e+00
7.446805366845172802e-01
7.740270571990197634e-01
-5.627421534399508207e-01
-4.801913424697132893e-01
4.045741386698997744e-01
-3.507200230775561201e-01
-3.808879138225931826e-01
-3.726726363785929919e-01
5.392247870474564664e-02
4.286387452870776826e-02
9.485294860384238191e+00
5.233617839585624765e-01
-1.739235522632481334e+01
-7.793778676055361510e-02
-5.055110897427440575e-01
6.566151492080674057e-01
-7.010025974996120235e-02
1.920979925078738354e-02
1.987121216349723718e-01
-8.256028509083087386e+00
2.201814567860068961e-01
-8.280815774653738082e-02
-2.345411193789180837e-01
5.156678371921994408e-01
4.573457267018957495e+00
-3.152615441753552350e-01
-4.050495085713848864e-01
-5.631934644656260147e-01
6.598025814006577505e+00
3.553628186361491026e-01
1.199303369620392745e+00
4.119309215783077960e+00
2.350934360977262327e-02
-5.000449752745081966e-01
-5.682662439284965394e+00
-7.639855812094620280e-01
1.042728636178432033e+00
1.057355797576867151e-01
2.804506622407042515e-01
-1.406545946808396841e-01
-3.962852129471734763e-02
-2.368702002784819904e-02
3.389184714356859862e-01
-7.262917625872400418e-01
-1.570335480357623048e+00
-2.726973930607716756e-01
1.850054956009219431e-01
3.073089198306006575e-01
6.839499783049301840e+00
-2.367894945441169907e-01
-3.449668442610220875e-01
-7.410126832456063184e-01
-3.042521697398431479e-01
-3.313268266334724599e-01
-4.305705396949101038e-01
-6.047073176389909654e-02
-5.939639603960694680e-01
-4.138480773665756396e-01
2.020234672337068438e-01
1.900915531116597612e-01
2.464209293818658553e-01
3.992112834225525209e-01
-6.967425282637319528e-01
-7.204444798803664174e-01
6.232069771811302172e-02
-8.860351070771155246e-02
-3.391801308446737995e-01
2.777947050222554504e-01
-1.202201115892501671e-01
6.829391813323275606e-01
4.135996035086887956e-01
2.462498835817941434e-01
8.632642661571792164e-01
9.117908312875412369e-01
9.352896929238352364e-02
-1.553866459744006612e-01
-6.738087809603320544e+00
-1.135529353357505045e-01
-2.048462324625834441e+01
-1.237114295456671842e+00
7.059682582575437237e-01
3.293836041835888073e-01
6.811688908162009115e-01
-8.141637133419228345e-01
-8.634656535849041248e-01
-6.476594898934191491e+00
-8.236998200602965170e-01
4.158435651360474772e-01
-1.276614951000720755e-01
1.282037038689814601e+01
3.004776163317481874e-01
7.839873917920118229e-01
-2.558187928248817355e-01
-6.691254782294762116e-01
-5.229121470808613115e-01
5.851745395885767920e-01
-8.058769516304101765e-01
-3.737996542978090919e-01
-7.639071358099096543e+00
6.714863296807493942e-01
-8.803232693738443970e+00
7.015127647513385023e-01
-6.959032044204218614e-01
1.302613205884235237e+00
8.890547843900420411e-01
-2.164451990779277246e-01
-5.749404635682218989e-02
-2.041692135532000019e-01
9.678998231943281016e-01
1.508691109037029743e-01
7.994099038538988733e-01
-9.400160725924764371e-01
1.441527750176103595e+01
-4.612359256417468689e-01
-3.992331458842678926e-01
8.749136865283153597e-01
9.297612151252443446e-01
-4.414127275207984091e-01
-2.731758291852125209e-02
-9.325634695631348503e-01
-8.881523120876788635e-01
4.652639928339797337e-01
5.500868671792134845e-02
-7.077479178247306768e-01
-3.724328669655474489e-01
1.635514555903792022e-01
-5.943384616618603289e-01
-8.358833886398007174e-01
-9.962551340750751550e-01
2.770298394320445112e-01
1.565045095874910419e-01
-8.495158246355296594e-01
-7.882052104839505358e-01
-5.143178145114127298e-02
1.087709699488174309e+00
5.607527301026115296e+00
8.970817757477109744e-01
-8.382991260250738375e-01
-5.979029783269544929e-01
-3.876064408776038195e-01
-2.188470415511774569e-01
-1.993540131490024736e-01
-4.206477777656705275e-01
-2.070032197081316250e-01
1.802327030623692261e+00
-1.347860167025599765e+01
-1.814324433248869051e+00
1.075423931250972354e+00
-4.058996545294610847e-01
6.441937743609369438e-01
2.031151226034667856e-02
5.454542012772272130e-01
-4.489000148254344680e+00
7.132955529969619013e-01
-1.601942778234610731e+00
-2.477942189125707795e-01
-9.375058058312021325e-01
2.752796567023940710e-02
6.497302833263829402e-01
1.301462074075185049e-01
1.555634774839366408e+00
2.575120297215853782e-01
-5.595783344469837939e-01
-7.185934895918696386e-01
4.099440980984676020e-01
9.492439687911281565e-01
-2.078029300261092227e-01
-3.361601007943574304e-01
5.282907573012909364e-01
6.065974156718930921e+00
-5.689171538990710486e-01
4.798400021570097262e-01
3.725373387856867891e-01
2.693064195641841074e-01
-2.281336935138936206e-02
6.557407573616067076e+00
9.168649652130406169e-01
1.435057341413732424e-01
5.390195954425777147e-01
-1.225500976735441339e-01
1.569695625911849968e-01
1.061995766915962147e-01
-9.769114991493123012e-01
1.358283834046171812e+00
5.666626187373032808e-01
7.446925849059491398e-01
-2.414559057357137106e-01
9.697596353481571230e-01
-3.852582601623447123e-01
6.833160923320749980e+00
-3.976543363929674335e-01
4.368931153589816763e-01
