-8.813995623880869212e-01
5.895918706828557898e-01
-5.842724188499579530e-01
3.042119732634522844e-01
-4.759231778340082819e-01
2.375086024981112875e-01
-1.540923808214910429e-01
1.273904932295936376e+00
1.463573504700782024e+01
-8.421779011895187850e+00
-1.123075977030944195e+00
-1.003131451165149812e+01
1.410331597380607871e+00
8.059414368053581246e-01
2.900548925764660502e-01
-6.888851727670030067e-01
7.883712487424928916e+00
1.211312743858008023e+00
-4.384163148389921272e-01
-6.587182051302921115e-01
1.025025678196874068e+00
-5.741803622670087481e-01
1.280379978319923850e+01
-3.385715296784433948e-01
1.214405805029855401e+00
7.480533665704884871e-01
-2.108501743965356212e+01
-3.478054675170419996e-01
6.646288768876487119e-01
1.340177814440031145e-01
1.323953723453385578e+00
1.006688720724857045e-01
3.565062189838256179e-01
4.125630144363048868e-02
1.641994584047719474e+00
-7.966919097151862195e-01
3.357892640731673151e+00
-2.576849708592650057e+00
-6.678518775442758848e-01
4.734014530648315677e+00
-3.158408695245709108e-01
-7.006817230468888047e-01
1.540394590232081251e+00
-6.591123275432981821e-01
2.572518348385006703e-01
4.577529555115881360e-02
-2.953705669355667918e-01
9.171743979659513490e-02
-4.918140789108014221e-01
-1.017115740477420438e+01
1.480729140367825547e+00
1.453122277345348712e+00
1.412002256740224615e+00
3.401608738944734700e-01
-8.184443246160650887e-01
-7.803043465916819077e-01
1.223139650652667276e+00
-6.795279246038150589e-01
6.564065290599720992e-01
8.276842371602411985e-01
-4.104535464643540799e+00
6.774153197314403130e-01
-4.183641023048362051e+00
7.548750395675068781e+00
3.438613102116144793e-01
-1.220783488755979196e+00
-4.052911908143891351e-01
-6.580691266589244748e-01
-1.305786179564907945e+00
-5.319836298863993562e-01
-2.873248637452180954e-01
-7.964903276507312446e-01
-7.355305043904654116e-01
-3.818653456381991829e-01
9.994980350848047479e+00
3.428305572263663059e+00
9.519320622213011118e-01
-4.071909829517542434e+00
9.692004481829682438e-01
5.158741370287395211e-01
1.199907659560452977e-01
-2.446750361144128139e+00
-1.553063154849008587e+00
-6.293594766746992697e-01
9.641275840289110777e-01
3.164204287582333963e-01
1.580258723145179456e+00
4.845519367761603746e-01
-1.054633611279494343e-01
8.132906222335900548e-01
2.265790587976281500e+01
-2.781975375391509964e-02
-1.590295056036841848e+00
-9.926852198030740038e-01
-1.003580136337417272e+00
-1.477436902421829457e+00
1.175000051966036096e+01
8.034726535935575953e+00
-6.739244526394122525e-01
-1.239053425802900454e+00
-4.090258672771687642e+00
-1.358199323491475319e+01
4.764179841939731652e+00
-1.444444299002640431e-01
9.282461754336912563e-01
-1.000948161945930615e+00
-1.048806549318126446e+00
-4.823857426065192300e-01
8.086273199849498550e-01
-4.385708307498167313e-01
-4.384142907274650725e-01
2.767451292470252816e-02
-1.365899407963215628e+00
1.115926996627447210e+00
-4.444245514084975923e+00
-3.237906675699537828e-01
-2.909474173995899721e-03
-4.027757965008441632e-01
-1.167114819072227361e+00
1.776413465482562737e+00
6.731348383730386686e+00
-1.749588778037866943e+00
-8.564462456953702008e-01
2.402436584558192978e-01
3.402154603868831062e-01
-4.476019838244453819e-01
9.462210172217198068e-01
-5.310849663730201620e-01
5.129882768637364920e-01
3.002206232074394743e-01
-8.482035857337522078e-02
9.237512948460660511e-03
-2.449593591531175063e-01
-7.708677384814144773e+00
8.468525228400785920e+00
-2.750651191082052471e-01
-3.408359235074259752e-01
-1.054984728842489394e+00
5.003574963050050783e+00
8.173052678438954555e-01
-9.033321495949211410e+00
-8.532967094862711210e-01
1.216502489624446404e-01
-3.719702177328099157e-02
5.161048255357335579e-01
4.949910699294483157e-02
2.595564289473938135e+00
-1.102207985880141461e-01
-6.258079956550500755e-01
2.577064115548470258e-01
6.645362187670322829e-01
-1.807955823718728983e+00
6.459570573377578784e-01
-1.232496989992845737e+00
-2.414038622752681384e-01
1.996488829342137755e-02
-8.827654863893826809e-01
1.287237194487925862e+01
-4.449379106314363397e-01
-1.104296227253197316e+00
5.030344096485495076e-01
-1.113564708183725216e-01
-3.726679600418183469e+00
-6.034636396445300477e+00
-6.128878797031663161e+00
-1.964291494536904992e+00
6.430889830210270164e-01
-3.347454432835337279e-01
-2.399901819727519037e+00
1.443759255579794565e-01
-3.667311597862780825e+00
-4.146610471917313578e-01
8.339710607002894349e+00
-1.116240920171884143e+00
-1.054830478362300539e-01
-4.916783668243215888e-01
1.961234919292907053e+00
-1.138589980189471085e+01
-1.321214116192762411e+00
-4.465528783758141440e-01
-6.569843610529078504e+00
-2.927773232089908584e-01
1.929288147815409749e-01
1.219714305719411973e+00
2.610539665618537009e-01
6.903515104519169832e+00
3.733914394016309979e-01
-1.092980710043335302e+00
-5.866005390227423399e-01
1.720611302447145885e-01
-1.205098837344360074e+00
-9.939461568596634766e-01
5.239349939742517392e+00
7.251104531207911208e+00
1.909876017802726977e+00
-5.905962937700417470e-01
1.312945733590884512e-01
3.386530542414273870e-01
-6.427889690979904813e+00
-3.718905047966467148e+00
-2.709960719961092002e-01
8.004816816737123641e-01
-1.130129467088451412e+00
7.791463167250226363e+00
3.818949473517224136e-01
-7.389874521095594062e-01
-3.273807057946590549e-01
-9.704200158627598327e-01
-7.002012946717721675e+00
3.798797510607648253e-01
-8.719463432506389111e-01
-3.858499461082141480e+00
3.264863486840770879e+00
-7.596940252191459741e-01
9.277891785194536389e-02
-7.726422146796715351e-01
-1.569528414854754583e+00
7.109109345347477960e-02
-3.166358287438567065e-01
-3.052958109685408733e-02
5.250075078468055878e+00
-5.278525661090144316e-02
-5.909670720137347733e-01
6.715540014863798923e-01
1.957120280319360361e+00
-5.471481067920199060e+00
1.090318673236179814e+00
-5.942433402621994931e-01
5.992711416632343635e-01
-4.329357984839511397e-01
5.892314322720884068e-01
-2.229990075571446906e-01
4.943669735954625111e+00
5.324905775578231415e-01
5.184722856832242321e-01
-1.352463359649118324e+01
9.766944359808465981e-01
1.865698376909575185e+00
1.209674142056249568e+00
-6.804906858216548393e-01
7.307899893496150767e+00
-1.204901105427328423e+00
-5.512619581134664770e+00
4.050317974141337984e+00
-5.016109082479430548e+00
-2.383104336110672961e-01
-2.582739325639804573e-01
-2.048574841608597819e+00
1.606221717383065295e+00
8.535074876138583733e+00
-5.445663551368609134e+00
-2.926291847795516876e-01
-8.305486795890265839e+00
1.582645538554773079e+00
-2.309738257201174871e+00
-4.922220755218232213e+00
-6.298007474352184110e-01
4.443183411796324478e+00
-3.125652490838822239e-01
-5.661562505447144122e-01
4.223360660302326153e+00
6.165977336101608614e-02
-3.956387388481665268e-01
1.039477556997016272e+01
3.627288832252352879e+00
