2.404638960538659220e-01
-6.896572214332243045e-02
1.223174197011809738e+01
-2.433294073086549325e-01
1.495759535900351850e-02
5.909832185055069687e+00
-2.692328460345635444e-01
-7.673105956030434882e-01
-9.190034767334214649e+00
8.045193697444149805e+00
-1.498484815718210239e+00
3.107517866300043341e+00
-7.342126436619586527e-02
-6.141139168676029492e+00
-3.238242128278792098e+00
7.698172724994568838e+00
6.599845618492860666e+00
-5.540161568733155129e-01
-3.357594484029876591e-01
-7.475673953196091404e-01
6.052619426406668168e+00
-9.742760773475675151e+00
2.139427088647942177e-01
-5.305478697558150714e+00
-1.194691806556844593e+00
6.106786682615855000e+00
1.509290621353378725e+01
6.628570092147109349e+00
3.360772552738068852e-01
-6.565946489157090671e-01
8.490570096664920019e-01
-1.125212281100076206e+00
6.482605238080044074e+00
5.873419426769299623e-01
-8.060528662244621501e+00
-9.195224961920420270e+00
-1.040608058102480804e+00
-2.098321042745421749e+00
-6.120759465701142155e-01
3.907226078039033323e-01
1.239185981454157925e+01
-8.679032739461140622e+00
-8.754085071842798715e-01
-1.794679742980498816e+01
4.257646392977211924e+00
-5.668820378807355453e+00
1.070837089051695168e+00
4.309831644972915043e+00
1.453835670012171288e+00
1.146343540144175721e-01
5.311983701013439640e-01
2.436387810114908903e-01
3.594094891844781259e-01
-3.951413292990104131e-01
-4.348982153617067858e+00
-9.622287393445517978e+00
-3.648545943137574632e+00
-2.076618310221486907e-02
-7.959387069783977475e-01
1.303456402621154364e+00
2.419177258046689150e-01
6.217078599625831536e+00
-3.589452617800217737e+00
-3.428622947965667134e+00
-6.888620128855921010e+00
1.864362830762697487e-01
-4.702728192612912750e+00
-1.092365799119450420e+00
-2.630589760573612823e-01
5.173088163975723131e-01
1.168860167043612064e+00
-1.231381666055515911e+00
2.088396708223259957e+00
1.392750955491307785e+00
-2.102642057283110599e+00
5.051131543410379621e+00
-3.503433055684868069e-01
2.848004397375846430e+00
4.560504998177895786e+00
4.319165022144070276e-01
-4.739442694888964525e-01
-2.223463439218518634e+00
-1.824841306062526369e+00
1.478034240547637657e+00
-4.577560412691500380e-02
-3.395188217518146701e+00
-5.832912712074769246e+00
-1.233939630008246691e-01
1.213425380109436125e+00
9.696258622044446440e+00
6.737428338115027948e+00
1.662850973131741128e+00
-4.684008993036758106e+00
-3.005842522735649780e+00
4.709733293703062540e-02
-6.221814054729138954e-01
-3.790952035386103702e+00
-1.071263982735979128e-02
-2.324641221526393853e+00
3.196671366964184968e-01
1.082944642562003595e-01
-1.725789038260755026e+00
-6.153277365163352997e+00
3.249624371229392628e-01
5.570365608115792178e+00
2.280841637566761282e+00
-5.134244833445619882e+00
5.666421810728743402e-01
-7.611440391925861082e-02
1.764444261914468903e+00
2.341658001977335868e+00
5.540454755276285503e+00
-4.728680607309946105e+00
-3.752131961858416354e+00
1.511208801466946028e+00
-5.303810729603745777e+00
-2.296613682767612907e+00
-2.602792553625719929e+00
-1.005787380350427362e+00
-6.201040890416223972e-01
1.188779703877750338e+00
1.580848286429423766e+00
-1.088139291913206907e+00
1.097188133620396355e+00
5.774362803402686595e+00
5.532451358982834577e+00
1.059926138187941547e+01
-1.239655595402997967e+00
-2.607723638072055650e+00
1.454893502923847670e+00
-1.899935594072453604e+00
-3.416365927238480538e+00
4.356188200224023754e-01
2.895708039959785096e-01
-5.457209949651653069e+00
-6.103577378187997837e+00
-3.241333194905176907e+00
-2.332176251225714037e+00
-8.385076052459212725e-01
2.236068918552057916e+00
-9.229723750795058024e+00
8.067232787819973439e-01
-1.052682660236540085e-01
-7.161857611717141747e-01
-4.606813750689117803e+00
1.004718178122215200e+00
-1.085980438302038209e+01
-4.483088650381008122e+00
6.144520531107659167e+00
-1.499951601443254789e+00
-1.377557603312581813e+00
-3.480958916784196777e+00
-6.388479206194827675e+00
3.680442263965418626e+00
6.673843295901116246e-01
1.743250288773012802e-01
-8.902313018183619642e-01
-1.775318640586873165e-01
5.563411850159691863e-01
-1.100091756505752638e+00
-3.807035090714054881e-01
3.346412749339390924e+00
1.816572436779720690e+00
1.578851596657381506e+00
-1.210302068570785483e+00
3.111155787897258995e-01
2.218059665580061068e+00
3.807231173185838369e+00
5.681261005977835232e+00
-4.276711199900826266e+00
-1.223711846884628196e+00
4.319875473799890564e+00
3.243919456778689980e-01
-2.193557587658879982e+00
-8.117190004026403116e+00
-1.189320325230006858e+01
-1.421481299373393847e+00
-4.712586744108441250e-01
-2.217461028932250500e+00
6.273223187030294579e-01
4.133935111695544506e+00
-1.935705162900697440e-01
2.909994767222897405e+00
-1.066765260303456531e+00
1.693862926707679073e-01
-2.924049596790616157e+00
1.874247503051040264e-01
3.498363195820237692e-01
-1.507186612685204319e-01
1.021864958787569000e+00
2.982525964494444182e+00
1.348545682334383322e+00
-2.668862799445960832e+00
3.422859055298455466e+00
2.207532243905968805e+00
3.507679670091234936e-01
-1.110991032696060588e+00
3.890964285103641007e+00
-1.857121848592648394e+00
5.079883737699601554e+00
2.521485367427775515e+00
8.861204799512472086e-01
-6.789427189018732989e+00
-4.814919685711428698e+00
3.742957635756000156e-01
-3.950467219988145651e+00
-8.440699428435038953e+00
4.409527318447036270e-01
2.524519597990785513e+00
-6.095806918106135841e-01
-4.385326703649204738e+00
-3.898095171146970017e+00
-3.542863399217129672e+00
3.189291497377793938e+00
-1.167577084568642148e-01
-3.509404869889090617e-02
-5.046189183607246997e-03
1.442167815301326206e-02
2.475200414782530167e+00
-2.577704881535646031e+00
3.617858836377871867e+00
7.719990860906507102e-01
1.237786094222492972e+00
1.234579066706695016e+01
-1.145487897589141379e+00
1.709339658483048918e+00
3.634496902908101568e+00
-3.743171014036135169e-01
-5.198398199018785526e-01
-6.755891428191620030e+00
3.787032041392706549e+00
-7.962824398004804571e+00
-3.400950377852808959e+00
-7.998215644456133644e-01
5.209117241606848747e-01
-9.671730040855823773e+00
-4.434160266466433242e+00
-2.925747786850994459e+00
4.496874227492571041e-01
-3.298063512824273014e-01
7.263626975210827119e+00
-1.329040191174797991e+00
-1.559621011201863583e+00
-2.970358399497132318e+00
-6.187454015099388194e+00
-1.688841520671577889e+00
9.043918619476625231e-01
-1.081031435734043367e+00
-2.051279280789967352e+00
1.643388179307410546e+00
-2.283570518588117881e+00
-5.662513898762743247e-01
-1.959095589591075548e+00
1.610588831080299377e+00
-3.812761139204616789e+00
-1.386587023554098863e+01
-3.001680324447112191e+00
-5.809738711289894608e-01
-4.003544667159929737e+00
3.791474225257497332e-01
-2.863918782311975608e+00
3.914516902397685794e+00
1.147180485383948145e+01
-2.065772505886473154e-01
-7.322090324218641921e-01
