-8.890491616139826192e-01
-6.289803885455957921e-01
9.499612599180348838e+00
-3.940828596807902651e-01
-3.082372449171481565e-01
1.864335847552658354e+00
4.727401080717339887e+00
7.393698472257284493e+00
1.339229513204932109e+00
-3.372146713051222378e+00
5.563469507174998441e-01
2.845209401480364164e-02
-3.513703073717977077e+00
1.996003269691326576e-02
2.905706034969435247e-01
-3.746568776839062309e+00
-4.783265636258235531e+00
6.365797160030519652e-01
7.148049595727011152e+00
2.156566300454059448e-01
-1.533069127557474154e+00
-4.327646928523425807e+00
8.103347154512053896e-01
-2.912445790100998355e+00
2.454578072274540002e-01
-1.003414529635975327e+00
-1.041143351029361064e-02
-2.250543791270714633e-01
-8.234417531783597699e-01
-3.838341307960228654e+00
-1.414838461280474302e-01
-1.221939955215239904e-01
-2.187709029438959507e-01
-5.507684536931773955e-01
6.235449939751094295e-01
1.506490438176223412e+00
-2.733805067890286988e-01
3.475784142489973250e-01
-2.551079143037095487e-01
6.626368359926340101e-01
-6.400409708510536033e-01
-1.152764865464278587e+00
4.244620119143950099e+00
-5.255183820295666663e+00
-2.346723978084559015e+00
2.697352263904997938e-02
3.493888356686208341e-01
7.941655859950023932e-02
6.934087309821159728e-01
-1.663770952152209937e+00
-6.179949899553625059e+00
8.226889695123045243e-01
-2.040433677009073410e+00
1.715346518140886400e-01
1.167125945371547857e+01
1.936578591875941946e+00
-2.278310288332584310e+00
3.483365622123697491e+00
-2.457389240713046430e+00
-8.760466819799348492e-01
4.553748274485887926e+00
4.467314675106591082e+00
7.494395231069872487e-03
-7.849587700075569829e-01
-9.831596583236462683e-02
-1.611663538814312124e+00
2.216267139181002932e+00
-3.305034355811665159e-01
-2.040452827613557840e+00
1.650251183781968889e-01
-5.531659531225785464e+00
6.512746474270164398e+00
2.735445798699440267e+00
-3.160769567779517786e-01
1.672857702179803008e-01
2.608221968932634915e+00
-4.510807423164903129e-02
-4.492221258773320791e+00
1.172261036374240284e-01
-2.819696156445491653e+00
-2.360750146049939158e-02
1.578113393946861676e-01
2.118695977405419040e+00
-5.087322713592315360e+00
4.992040473862440209e+00
-1.512178965061483416e+00
-3.818945247613331428e+00
-9.993371280610044427e-02
-8.994471667807233395e-01
6.229713566650602052e-02
-4.690900365565143559e+00
-5.844400683203587743e-02
2.100720976063560119e+00
-8.357067330385726578e+00
-2.745230208399751515e+00
1.819558586806229172e-01
7.110777526592843012e-02
-3.791529483673583556e+00
-5.311960787531601724e+00
-2.313334082987017482e-01
1.457756610305266376e+00
-1.584722221320901958e-01
-3.795623846886803099e-02
3.177758741685691390e+00
6.956788708193450965e-02
-1.785735481852936513e+00
2.373954264856516616e+00
-2.037755147106487197e+00
9.826972775971187790e-01
5.921021666668152328e+00
-9.520210988318080769e-01
-1.768494649674822394e+00
6.672434663058593785e+00
-1.309115598895304711e+00
3.579173918642235108e+00
-3.927286995982755435e+00
1.174362681065395098e+00
-1.574315711866894674e+00
2.005748038498965935e-01
-3.958562923437889403e+00
-8.036804090698934644e+00
9.293092387208955474e-01
-2.165351195927150696e-01
2.297203576776142953e+00
-7.125181405606391571e+00
-6.015611540389494971e-01
-9.306495891252499320e+00
3.483496132933939116e+00
2.678834255178085266e-01
-2.718736443694698135e-01
-3.468093417463863903e-01
3.240275732335358150e+00
-2.710536734897916467e-01
-1.587143178724970571e+00
4.330523257468024134e-01
9.707295781588191730e+00
-5.125079893983220281e+00
-5.949404592703038119e-01
6.521583254805849439e-01
-3.505479149542203299e+00
1.007704825929048198e+00
-5.327307194949991498e+00
-2.193842213044685518e+00
-2.558867377356501827e-01
-1.166008067793034542e+01
-9.147619919263089372e+00
-4.118008396009740224e+00
1.613676186697881931e+00
-4.470308716147141093e-01
1.410304578949870713e+00
-4.288379562350281837e-01
1.031214624468703356e+01
-1.883942788770419652e+00
-1.976432349738602490e+00
-4.348836426794183141e-01
-5.720702772613120324e+00
-2.891282144075190685e-01
2.517714402577532873e+00
-1.491849118133986019e-01
1.431885354992207926e+00
1.944578968030553079e-01
-3.541846294083853541e-01
7.657567189578170286e+00
8.188950372097411057e-01
5.837428180119452747e-01
-7.672330788072876384e-01
-8.718648823013687377e+00
1.163903274154593159e+00
-9.246828787282970197e-01
2.113786625881840742e+00
9.032841944144039958e-01
-5.993722519466584409e+00
-4.086283886355119854e+00
6.232359405543298259e+00
1.443027231500743301e+00
-1.078150942187230221e+01
1.866594334044022530e+00
5.302905796779834979e+00
-3.341715041605605174e-01
1.836684808751738451e-01
4.901230845327732011e-01
-5.018752770750342762e+00
-1.440055861493328315e+00
-4.606114776628420504e-01
2.391349636990222294e+00
-8.721116726977278244e-01
7.797073514751247103e-01
6.216192527552642844e+00
-3.330245060447181160e-01
8.754970845024887538e-01
8.323719475360695785e-01
-3.088707967439156210e+00
2.557047307685048620e-01
-5.542139842433154717e-01
1.148850131955544462e+01
1.505929185170035822e+00
-4.410712670438354799e-03
-1.157318673811974463e+01
1.405047752305395914e+00
-2.998672240910287279e+00
-1.269647905192857529e+00
1.923067600514728248e+00
-4.136420572487344849e-01
-2.205351108340669164e+00
1.069662402666830964e-01
-9.018106827834909689e-01
6.024276405313757188e+00
-1.054876660214581996e+01
4.854156921315028406e+00
4.979108051352603148e-01
-2.479198658510655129e+00
2.933267199923387247e-01
4.489772595225462126e+00
4.184664013710396979e+00
2.552489171395013745e-01
-1.275120714642929753e+00
-3.407085732825784197e-01
4.571774415882668308e+00
-1.388377174302230621e+00
7.814581316433548253e+00
3.546832002060152922e-01
-1.529076667778644705e+00
7.909027072532025526e-01
4.429298486953867631e+00
3.921860382860832051e+00
-2.360231476860414013e+00
-4.468169256994746874e+00
-1.590775135261739193e+00
1.063726303509317361e+01
-8.291608902169430584e-01
-1.684000915876359805e+00
9.691677680392141170e-03
1.001914101177798999e+00
2.293257990290914261e+00
-1.774314265001657454e-01
-2.816360920191284256e-01
-2.429968129605278637e+00
-2.364611009633246663e+00
5.364534573155292918e+00
-1.426440199003107923e+00
-7.485927973414274739e-01
-8.649411513894448289e-01
5.579093091367475221e-01
-5.516739789426182705e-01
6.269090371582742849e-01
1.088112604955367324e+00
6.908701347952557192e-01
4.232274365426124341e+00
4.932487979201909400e-01
-2.444186790104753371e+00
3.031791581997662632e+00
5.255708818735974619e-01
3.168255877736690707e+00
-1.686000788603314593e-02
-5.152911086387263140e+00
-9.355251248129003994e-02
-4.313318089489937002e-02
1.217262282816218821e+01
-6.547018251919003440e+00
-1.336915066842805366e-01
4.052419117172292751e+00
6.682689180441615306e+00
-9.382535110711827109e-01
2.923151083684989437e-01
-2.571363650208080553e-02
