7.485605310730504947e+00
-1.154062707591212877e+00
7.451850634136675922e+00
-7.442326857053826572e+00
5.262464007413959699e+00
2.961669782261388550e-01
2.725611448692412786e+00
-1.965317221733344777e+00
1.651196512680343886e+01
4.354688334052656984e+00
7.502867395162107211e-01
1.211795086018979006e+01
7.026780247480550745e-01
-3.680822209370661624e-01
8.775690430011257037e-01
2.038704335141976909e+00
6.822686388773340216e-01
-1.284697360736667404e-01
-5.466332685531003932e+00
-6.925529306457439693e-02
7.774911301563147692e-02
4.118399281977019877e-02
-2.800863666736769231e-01
-1.466813217577304984e+00
-4.910799081929420495e+00
9.925743658306423356e+00
-6.937629061686984011e-01
1.117490745840212241e-01
7.701242969786572523e-01
6.772977381441863898e+00
1.771717122967413904e-01
4.083717134211140021e-01
-2.541270525468254160e+00
4.847205532705037845e-01
-5.052019352379812922e-01
-2.750397367059288500e-01
-1.541827264559382193e+01
-9.313094385345956905e-01
-3.443185165181951168e-01
-1.180796120664214399e+01
-1.088917569641968441e+01
-2.455093177035607255e+00
2.495117440450128066e-01
-2.376795539092749543e+00
7.129436052230333942e+00
1.177899157076953696e+00
2.960067121536893442e+00
-3.180763479456347298e+00
2.334771568984209011e+00
-2.623506571957247235e+00
7.935209400031886240e+00
1.925615575629895604e+00
-2.240875546440626476e+00
-2.595256655834629278e+00
5.815782401985264194e+00
-1.103495225568173588e+00
-5.260955809681237660e+00
1.564542455823146883e-01
2.844382972493714745e-01
1.548240268611912462e+01
5.124925927765762168e-01
1.839128544801237775e+00
1.475154599757056151e-01
-5.536751128455538407e+00
-3.645302863219044731e+00
-1.227813218821642849e+00
1.468745031526627609e-01
1.141281780263914580e+00
-2.208783594912426818e-01
-1.804727070366147768e-01
1.407558607651408833e+00
2.551374469833888714e+00
8.422852532954960836e-02
7.323516655755393234e-01
1.205793905299295199e+00
3.057139268082897487e+00
-2.300407420475679743e+01
3.619439888198560107e-01
3.845051266708973348e+00
-7.576494489400027454e+00
1.528552844207234918e-01
-3.223993647594456835e+00
-1.617676221870085529e+00
7.064522256989462790e+00
-7.926919364794043910e-02
1.081090234462673383e+00
7.100339412769104186e+00
-2.063962043875795516e+00
-7.142501715326170064e+00
-1.502790567648856523e+01
1.721653170747031725e+00
1.823757303974613553e+00
6.752197289405930114e+00
1.309606898342740022e+00
5.316388145208646776e+00
1.957443119594493020e+00
-7.910274259306493860e+00
1.242730683741068709e-01
8.028517644809415543e+00
6.697298981695575470e+00
1.846924613124198422e-01
-7.749178521951511911e+00
1.481481576244933152e+00
8.159878038637030429e+00
-3.897395411263172016e-01
-1.263448296732168075e+01
-2.208338949669438112e+00
-2.483603574574159367e+00
-1.699717127738905154e+00
-6.945780419801232952e+00
-2.875367245640369163e+00
2.797716435271774965e-02
3.095607307146238663e-01
-2.706455495562654967e+00
-7.958803053916952974e-01
-3.078617125439711888e+00
1.532525994963373162e+00
1.442026031045875456e+00
1.090457976903937265e+01
-3.823635708051693616e-01
5.134699666870526924e-01
3.712941958721927449e+00
-2.727133692245923058e+00
4.844277356179788718e+00
-6.778723967006665241e+00
-1.148694314624668089e-01
1.850024930713089155e+00
-2.786528789518638582e-01
1.510423775988698258e+00
-3.612832438585590555e+00
7.347018034807237807e-01
-5.868894138575400987e+00
6.277445852679545801e+00
7.740772768397693682e+00
1.622571725960346933e+00
6.201841582863804270e+00
3.881687671348846846e-01
-7.436922649970242882e-02
1.116585626504304152e+00
3.649810135791040189e+00
-7.271727321928949106e-01
-5.185050996069182627e-01
-2.926300613152009733e-01
-3.747641842435176063e+00
1.330920841133366450e-01
-1.188525337167017693e+00
-3.497262719678123633e-01
2.563553391209490995e-01
-1.452208209659398896e+00
5.893170770232118993e-01
1.027909555255875240e+00
4.197211554379594922e+00
-6.544484839979036739e-02
3.420904358221625863e+00
2.059432935662640851e+00
-7.497023281062860534e+00
-1.732747219944162254e+00
2.631374834737583601e+00
-1.441842514749096527e+00
-1.225894542050711689e+00
-4.087816208840245880e-01
7.092726647530055217e+00
-1.340803502797332625e+00
7.093235457856061910e-03
-2.418847356869296750e+00
-1.972350698621479825e+00
2.847540183281227488e+00
5.583107520324776196e+00
-1.400833381589166260e+00
1.622003462336070401e+00
2.881773638667177728e+00
6.954966422944987015e-01
7.022420407524843089e-01
-4.889023063748536568e-01
5.826705084148489533e+00
2.755303001416842812e-01
-5.962533898128359322e-01
3.272058537453474969e-01
2.924975375191732674e+00
-5.349629091599476638e+00
8.154056000325071718e-01
3.248935786471036646e-01
5.467877042043065572e-01
-7.430402765714445579e-01
3.339192073361603175e+00
3.251055527507765719e-01
3.783568974334472479e+00
3.573973084990222038e+00
-1.089151508501706278e+00
8.817373709055518205e-01
1.521543580789596062e+00
-7.748850660868444873e-02
-2.523381010272773839e+00
4.108972204633212222e+00
-1.236942400693270105e+00
-2.080757002505415176e+00
-3.116377700129115524e+00
-8.542299035236563753e+00
-1.170369052156540635e+00
-1.266827677394476215e+00
1.344061525210146435e+00
4.619907921435111309e-01
6.138926875891362656e+00
5.724672117988550468e+00
-1.837911568465318890e+00
5.996801356758289181e+00
-2.694182495728322468e+00
2.497888590963238897e+00
3.242884651336682911e+00
2.200345341098668861e+00
-1.923244692365982278e+00
-2.418012935566214994e-01
-3.074074028475678455e-01
6.589165540480518501e+00
-3.774386270969624091e-01
-1.142301682291995135e+00
-1.874729951256766669e-01
3.904504742519302463e-01
9.170681363296534272e+00
4.943805640878444763e+00
-1.514336096833015510e+00
-8.955959009498586365e-01
-1.284182171787076610e-01
4.512694330583652547e-01
3.340765472284114690e+00
-7.214311584270573618e+00
-1.485737208099386475e+00
9.411318931130946197e+00
-1.182956364523915171e+00
-1.889172603152101448e+00
8.904186213980555542e-02
-2.707145819340033288e+00
-1.155351063662337374e+01
1.450789864558443831e-02
-1.878918301360603893e+00
6.559400039968391605e-01
-2.550792417193646244e+00
1.053237732009600469e+00
9.647151221676396604e-01
-2.669860497094816432e-01
-3.554901906264859024e-01
1.909195991213704369e-01
1.722909030730061852e+00
-1.723848868452911631e+00
-1.310833961011782378e+01
2.048200799482176038e+00
-4.772854128588477352e+00
-3.689895889977967691e-01
9.107531743901227106e-01
1.486649219110292686e+00
-5.423422074649270064e-02
-2.117679631690852493e-02
1.086801647706685525e+00
-1.194264905506770669e+00
-6.623983390907912217e+00
1.612680358358337118e+00
-9.258299231554284470e-02
4.362081492202245059e+00
-4.166309133710755508e-01
2.029662598813732455e+00
8.117215686693026733e-01
1.750370909901922456e+00
3.909273985086310077e-01
1.390065236094465195e+00
1.570561445849876003e+00
