-2.378147808318384904e-01
-1.291921697366577027e+00
-1.107615452638670783e+00
2.815834823612317628e-01
-3.995613229580108339e-01
-3.248781428686363659e-01
4.642384030437060605e-01
-9.919697241341524085e-01
1.917426496196124219e+01
-7.375240368578225514e+00
-3.868953277142322733e+00
3.355134254442765140e+00
1.164340122616247797e+01
2.666541496897154584e-01
-2.251120828540220664e-01
-7.157281383667671859e-01
7.525507567419314370e+00
-1.273256149396426173e-01
1.018859838255026462e+00
-1.319046209163731442e-01
-9.131418225110640163e-01
1.722919822796537659e+01
1.932607174262530592e+00
-3.170659544849754763e+00
6.346675734937836655e-01
2.117232048394804611e+00
5.201598561438228741e-01
1.011171753507511539e-01
3.365009354238085670e+00
2.688487781836450541e-01
4.806574880655590576e+00
-8.934384707895537403e+00
2.237867183209738897e+01
8.953173033296073502e-01
-3.816802813460700605e+00
1.487840930442303200e-01
-8.481512009343229463e-01
-9.065395395419697522e+00
1.125470536254136178e+00
3.188565909607941506e+00
6.492603124060867259e+00
-6.672821648678764817e+00
3.451821825283604817e+00
-3.364173287880616314e-01
-5.496160268883816258e-01
-3.642973744139109904e+00
-8.197338259845666775e-01
-1.722050944694841768e+00
1.829558073064586177e+00
-6.021557987849810445e+00
2.487688595049394880e-01
2.277622999600091014e-01
-7.484913595741622405e-01
4.962251695568162368e+00
-3.152247536867781585e-01
1.796180391898057005e+00
-3.188690251909800821e+00
-1.500043650057534883e+01
-1.009151200890227784e+01
-9.999284005755575411e-01
-6.375057921650443049e+00
2.582616295222209812e-01
-4.120981319403359322e+00
3.412942065272293879e-02
-4.603004563370827196e-02
-1.566995790386510601e-01
-1.890808733694994004e+01
-3.823789492147779412e-01
-1.959276998329872566e+00
-1.494292230033120450e-01
2.286120483966539996e-01
5.970063328084993515e+00
-5.709683557820738109e+00
4.894370943909319038e+00
-2.925056448453508207e+00
-1.204723618285445053e+00
-5.332296511863951594e+00
2.211457804263289972e+00
-2.271874736708108244e-01
2.011651807696992755e-01
-5.459948849257261649e+00
-4.341491099155479816e+00
9.535926501147873324e+00
5.471757363205377978e+00
8.086540154845118789e-01
7.852704109290918888e-01
-2.782496521694226566e-01
1.549519897207132513e-01
-2.693185770450734484e+00
-2.797205819798533888e-01
-2.461523774377193663e-01
-7.058940244968592737e+00
-1.619760047238495648e+00
8.201619805602334168e+00
1.379530221181191152e+01
-1.281541068576099507e+00
-4.995350358910584987e+00
7.011336275245410032e-01
3.337891760722987988e-01
1.491428289791411066e-01
6.250387532842227145e+00
1.019173437495609491e+01
-4.422072921089752029e+00
-9.101600741741243894e+00
3.573964979528566843e+00
7.570949465600596007e-01
3.097459564150900624e-01
2.733928307617320641e+00
-5.720083623596152744e-01
3.922970129300015762e-02
-6.029400717283128763e-02
7.731591856035870958e-01
-4.203158581204493038e-01
-2.956921177798073508e+00
1.604339311292274806e+00
-3.233425857211531973e+00
3.834956582020559335e+00
1.386426141611258878e-01
-6.473742891044102166e+00
-8.538561911332458176e-02
9.127357890048146682e-01
-5.077430840305039439e+00
5.999447591750151076e-01
7.184555818150212936e+00
-4.289588033859295102e-01
-1.037541970285861037e+00
1.055681981622627497e+00
-4.657576976733264207e-01
1.976391840887348206e+00
-2.652961855475447273e+00
-7.089001160183545203e+00
1.581633745707911265e+00
-5.206049265909041601e+00
-1.966591981516057297e+00
-5.540276341178449471e+00
-8.395528251627846217e-01
3.487298731448025713e+00
1.341237575872658017e-01
-3.894319522812534906e-01
7.246080396028002912e-01
1.428831241895567494e+01
1.733286736634548220e+01
-3.188977915620570425e+00
-6.008293744810211834e+00
-2.032561549241146182e+00
-1.088762823281545611e+00
-1.799211980496562946e+00
-8.282393803163118351e-01
5.582936079673734842e-01
-5.495455924014122084e-01
8.517431320865245681e+00
2.329872377132302219e+01
5.755813068814240596e-01
4.739425549966451712e+00
-1.241391013451472958e+01
2.502605952914832010e-01
-9.215493630455420249e-01
6.312184651090413379e-01
1.738124411251892598e-01
2.159344256473965995e+00
-8.418191895812545678e-01
-9.689889372566522496e-01
-7.249666456017385130e+00
-4.890209398187185030e+00
-8.598363867466675137e-01
1.793518335396195695e+01
4.881548692219486618e+00
-4.862878872212903048e+00
-1.170004982611910105e+00
-3.479137387126948755e-01
-3.235789723898998993e+00
-5.283738929464044665e-01
7.971190296650406681e-01
-6.468818239448138607e-01
-7.527100428670782106e-01
-1.480134570127590865e-01
5.645115118913057728e+00
-1.463412070503327111e+00
-6.871339771723033785e+00
1.683845900512949134e+00
-1.387861187809342478e-01
1.577687083854167005e+00
-2.623237569221201215e-02
-5.226126953885530391e-01
3.244560873961600755e+00
-9.044714851570091696e+00
1.964373701376604719e+00
2.253225948433388837e+01
-1.933420751180683905e-01
5.671785876413688587e-01
6.907017102611838766e-01
2.498785582404198458e+00
5.129050758485610428e-01
-7.287220348976539697e+00
-4.399045314139244489e+00
-3.517948810432752094e+00
4.948483359164932871e+00
-1.320053840703187431e+00
-4.175399085430973045e-01
-6.355017147102104857e+00
-2.907786756656866700e+00
-1.143823636545814182e+01
6.055426686429246086e-01
-3.087639565704367595e+00
8.374678411074476525e-02
-6.970406323294671136e-01
-4.723942117549402298e+00
-6.018832931340577730e+00
-2.557917823878846697e+00
-2.519727410988496508e-01
2.857015228103005344e-01
-6.434867255653315965e+00
-2.215557548363551899e+00
-1.193780205468293554e+00
1.685528455169819750e+00
-1.634540001360914729e+01
-5.175079571001035134e-02
4.966620595073976130e-01
1.102401784911305427e+01
-8.307114560332633957e+00
3.439970313394163370e-01
2.956892853550965761e+00
1.135098310850165104e+00
1.805501840766808641e+01
-4.774837171979052997e+00
1.399806974092848155e-01
-8.954209703389210961e-01
4.172930779001234214e+00
-3.557277015488061744e-01
-5.078355967159751266e-02
5.943204115073604799e-01
-4.386447705640367900e+00
6.502566749480680475e-01
5.787677132516317435e+00
1.156268558047408312e+01
4.378659610783930400e-01
-7.619821006401846120e+00
-1.227048278512836532e+01
-7.251501039685306793e+00
1.012831305491829870e+00
6.046782603696852082e-02
-3.053606763257292300e+00
-3.286734274051192450e+00
-3.200246712539128180e-01
4.687342822213309557e-01
2.486758049824399908e-01
2.233643713213488979e-01
3.170370165465990486e-01
-3.501591484031635337e-01
-7.220049594557323758e+00
8.820082646256597325e-01
-2.250281152342708424e+01
-6.486583345078981155e-01
1.831774688013079189e+00
-7.102760619928705221e-01
1.128534343928646377e+00
8.231873606848068903e+00
-7.762448161116219936e-01
2.312722909167689522e+00
-4.223652934287627225e+00
-5.613462106700073839e+00
1.980892063552195381e+00
3.077920650493054744e+00
-2.648014981510157240e-01
2.556807686871158669e-01
