-1.203095304446469560e-01
-1.546627431647631834e+00
-4.670839631459811514e+00
1.327714003482923122e+00
3.441196799138859230e-01
4.460334227217798153e-01
-4.824838188697677666e-02
-1.080892649065111483e-01
1.243992097299836397e-01
1.650778880089827538e+00
9.111035989347173736e-01
8.064275463235166086e+00
-1.209878748567514206e+00
2.203733734045558279e+00
-2.698273693043911070e+00
2.454958990194526791e+00
7.778632071205588971e-01
3.285932092518529579e+00
-3.414612329476094943e-01
-3.691542781269127271e+00
-2.596032046377569902e-01
-1.080923722525488628e+01
-5.115764557915171151e-01
9.631387864391367515e+00
-5.717706325153318891e-01
1.287212495467403883e+01
1.067983363271851172e+00
-8.391371800470245335e-01
-6.316229117023499651e-01
2.969816867661435600e-01
-1.005145342682846943e+00
-5.156386009166561202e+00
-7.267849483023001156e-01
-1.548553168393282276e+00
1.097288556658266412e+00
-4.326463833097331957e+00
-1.861217174003491071e-01
3.565550910335625323e-01
-1.503769897106508047e-01
-6.358232346310322969e-01
1.531556208037630373e+00
8.404621012296573657e-01
1.015724388794631894e+00
-7.233025867597542735e+00
-1.850981300524498163e+00
-2.931403082974060603e-01
-9.097747396702769995e-01
-8.006786510863723727e-01
3.897992245301033165e+00
8.920662079848695747e-01
7.726996807643411458e-01
4.482223954226127738e+00
-3.629735459984335222e+00
3.153254535373687939e-01
-8.871590592974897049e+00
4.182774587859583448e-01
4.725740008184359242e-01
-1.411091846181300458e+00
-8.395461614376785064e+00
1.839706692346237205e+01
3.886991650971949319e+00
-1.409136103682564756e-01
-3.289614950702392931e-02
6.850930975386605226e+00
8.349179573475092042e-02
1.861309758836278139e-01
2.503636273814402458e-01
-2.087960086600704201e-02
8.219312819186078700e-01
-9.960397335700591270e+00
-8.049913069282325084e-01
1.250754276649354457e+00
3.363360177527400796e-01
-1.271335760252540936e+01
-8.271909841746458714e-01
-8.900506297864501093e-01
-5.608115950614173117e-02
-3.918061993732651960e+00
-2.866074935851253835e-04
-1.903743400677975484e-01
7.280738067973875349e-01
-4.810434570962231149e+00
-7.959681801348177377e-01
-8.612681769618357741e-01
-6.818573889988291725e+00
1.536197394295151897e+00
-1.544486697512307272e+00
5.442992795005889839e+00
9.736271488406480490e-01
5.796373140098143306e-01
-8.276125439347217227e-01
-2.070924196430275477e-01
1.383363051566667279e+00
3.358856791716656520e+00
-1.495153638652222394e+00
-5.894872320734985127e-01
-5.182514606418922032e-01
1.924400581964749835e+00
-1.610223051457326249e-01
-6.421133395802856025e-01
1.582575556305252373e+00
-3.385829727353060647e+00
-4.958552582981824663e+00
1.697850750395928365e+00
-2.680988270969608234e+00
-6.050152073806346342e-01
-5.470121162281379457e-01
6.781605505949103163e-01
3.223241081669830921e-01
-1.501676475140423861e+01
5.696747079463566621e+00
6.438239006213941629e-02
7.880779984388109227e+00
1.853333914748752065e+01
4.703166131599334499e-01
1.902518807456083927e-01
6.601696348004264969e+00
-1.527908489292642003e+00
1.992794838601014140e+00
-8.166192841772252908e-01
1.540928921938732898e+01
-7.186352354164792233e-01
1.027642064380982267e+00
-7.359114722686669330e-01
-1.300391919052166445e+00
-3.373067777446431492e+00
4.701424544685526286e-01
5.865356240853548897e+00
3.024186640831179052e-01
-7.025101223667933326e-01
1.218082719728563967e+00
1.355110077208661612e-01
-1.096067582704707277e+00
2.676511399578351269e-01
1.100634873002889424e+00
-8.070813729240940759e+00
-1.841819530164383067e+01
-8.308206011807872660e-01
8.866087965335103238e-01
1.010666582596713825e+00
-2.551541303552817830e-02
7.964780822922319370e-01
2.240018211327132747e-03
-1.359178455318275525e+01
1.205680535163975442e+00
5.261642434505625632e-01
3.345167681241262847e-01
2.615548018678844233e+00
-4.002221428665981851e-01
5.612495450138123010e-01
2.660689521968256255e+00
5.706380158775192335e+00
-1.112706721328282633e-02
1.723798862595187775e-01
-5.337889955199160985e-01
1.226324903740820371e+00
-2.322527568781273999e+01
-4.246146666306456763e-01
7.298417533999135287e-02
7.161204990671064863e+00
4.118772958321266664e+00
3.279403101720352876e-01
-4.228067761555365678e+00
1.307233374542776883e+00
3.428121498047376203e-01
-8.864917412017616627e-01
8.265092886915962334e-01
-4.578593878852704080e+00
4.888776832640970849e-01
-5.082840101798391963e+00
-9.456626735139429807e-02
5.300133904083476066e-01
9.603507910056845454e-01
-7.647783575633121389e-01
7.473929191090494806e-03
-1.681802090091344404e-01
9.547332150232816506e-02
4.342249061696884516e-01
2.611569331127212568e+00
-5.924768324722526902e-01
-9.606365760705238843e-01
-2.362146081275114717e+00
-5.483556451797745979e+00
-3.583530097307467965e+00
-4.572398508695437513e+00
-5.612798534747129309e-02
4.139330537222417616e-01
-1.103610314263173464e+00
-2.136837449307954495e-01
-1.033282695870261847e+01
4.278375224760276319e-01
7.315942758174509564e-01
-4.248189863353048601e+00
4.735383576450267640e+00
2.086159196011052597e+00
-6.278968180533014420e-01
1.778793931658185778e-01
-4.489575309391468649e-01
-9.241461917054108355e+00
-4.743617912141846471e-01
6.710299708248658179e-01
-8.490528341216229125e-01
-3.521106461308995961e-01
-1.687342438371122633e+00
-1.670914183424001997e+00
5.935864149008861224e-02
-6.674386852282930604e+00
-3.422063962988298735e-01
2.155040836557563289e+00
4.615325661822132552e+00
-9.077331777224733500e+00
-5.056588577529383066e+00
3.855106570473257888e-01
6.225073600458812528e-01
-2.562065661339647527e-01
-2.811638238114062549e-01
3.847755346091326079e-01
-1.608990991610478982e+00
-1.597238322895446205e-01
-4.699999729660286896e-03
1.314645985881208290e+00
2.045385918352321530e-01
-2.902681922305470508e+00
4.736666770208556088e+00
1.791843782942544205e+00
-3.576621720010084271e+00
-4.263804657048541280e+00
8.821785418152305880e-02
-6.397903775591641529e-02
4.849845839778021528e+00
7.530079486421726864e-01
3.716347079119466934e-02
4.204592817707124119e+00
1.792171782397346258e-01
-4.509164479811383908e-01
-1.133537349295991703e+00
-6.936131510159759817e-01
-1.188939424518170029e-01
2.980183855073820776e-01
-2.216578877562019656e+00
-4.640791643909805586e+00
1.878074348419428219e+00
1.521645936752044070e-01
-1.261280038683759486e+00
-3.508423684011006127e-01
4.408117442273807862e-01
4.239737942652425318e+00
-4.619138863294502961e+00
6.269465992655966602e+00
-5.160297367754161924e-01
-1.787514673910631513e-01
4.706020913662983807e-01
1.208832823928503775e+00
-2.327065876769081887e-01
1.116382742601840228e+00
4.711036708088649494e-01
-6.720758595963365334e-01
1.809483575851332571e+00
-6.124752069126560006e-01
-2.788785059917092468e+00
-1.723275426611860228e-01
-5.853610577661538805e-01
-1.162667129947654754e+00
6.128704212510687199e+00
1.284780985283460097e+01
