-8.457283625723355236e-01
-3.117349087122410101e+00
5.022999921840927584e+00
3.116044831780004465e+00
-1.171914753096046979e+00
2.342867160926578873e-01
-1.741256127892249816e+00
1.298903253541507374e-01
-3.583068866546159192e+00
-6.990628632457321912e-01
-1.033213356671369848e-01
1.671294937786574619e-01
1.002631081261483453e-01
5.686416814548113763e+00
1.147750178015628286e+01
1.024520165174441333e+00
-8.001068979058938879e+00
1.647187429377930945e+00
1.542424380431215880e+00
-6.646796604246936191e+00
-8.721779261270699024e-01
1.066986079032952617e+00
1.089661118461477862e+01
-2.664440919247639705e+00
3.015798784525994813e-01
4.076759149039022589e-01
4.492978294924438565e+00
-3.802992505326051376e+00
-6.683062383006437290e-01
1.151708132976090981e+00
2.110816060860021270e+00
-8.569654769351322532e-01
2.195073980417586945e+00
6.116223595514356237e-01
-4.181438314653187938e+00
1.139195957136189374e+00
-3.412882148920909575e+00
2.410325592220925905e+00
-4.945182565050902923e+00
-1.450836192767832822e+00
7.747596667701376560e+00
4.068373781091774166e-01
-3.225664535209899153e+00
-1.367801267118115671e+00
-1.093538694535644673e+01
3.790044762328665939e+00
4.882597887216118870e+00
5.007954631881428309e-01
7.382825887689605793e-01
2.095537126199105149e-01
1.574736964557736707e+00
1.664894707783569849e+00
-8.369296076549030516e+00
-1.015454058139008575e+00
-1.505804162361544574e+00
-4.494857398471114429e+00
-1.486263057615437866e+00
3.692395091075181268e-01
2.929482911095066644e+00
-8.226350164736652149e-01
4.804869076379021386e-01
2.276458335422909762e+00
3.949063844031202031e+00
4.748339482535473444e+00
1.063337635629576949e+00
2.892776010278030441e+00
4.561456211448501108e+00
4.117235940546784545e-01
2.928264617753856935e+00
7.747964153513288155e-01
8.592049850360017338e-01
-1.065712540571679634e+00
7.172270783375383374e+00
9.269598251055655158e-01
-3.438221141836129480e+00
2.068241812752011632e-01
2.793009427389666399e+00
3.029476227463341775e+00
3.609757475299498197e-01
-3.360084208245151860e+00
-8.346477323899688106e-01
-2.552960151038260239e+00
-2.404397321097328177e+00
-1.736809948783038626e+00
-4.417511513126783029e+00
-8.816333360390672391e-01
5.730138333481265001e+00
6.677513941648799412e-01
1.444196757857570290e+00
-1.950513797292224627e+00
-1.293284761417318185e+00
5.102124507790163355e-01
1.386596109736199511e-01
1.487817515667399171e+00
3.035477810951505706e-01
-4.186044986001387969e+00
-6.803404173958155221e-02
8.299870422483165422e-01
-4.129848903156886131e+00
2.343978815118235581e-01
-2.439847385730161022e+00
1.391083878208459135e+00
-3.932466359602072581e-01
-6.255383281652451277e-01
-4.097491786437787553e+00
9.069013646781420857e-02
-6.642659631556779853e-01
-4.141981803061530187e-01
-3.649133530242063550e+00
-1.301201071676253151e-01
5.859698700767849822e+00
-1.068557131838309138e+00
2.226238136905892784e+00
-5.190168755574411374e-01
-1.785265912113552345e+00
-5.459867113472443023e+00
-7.833415865144575108e-01
-5.176661970293261916e+00
-4.318740188723392825e-01
1.727002071202038636e+00
3.405056776525145490e-01
-1.623320873157447553e+00
-3.019582142565256366e-01
2.060175897590030836e+00
-6.140677244356311348e+00
1.952509261884877834e+00
3.733061603236088821e+00
-5.788200164260223074e-02
2.386817860126342339e+00
1.613502221902841649e+00
-2.366686886727133565e+00
7.797243629240218077e-01
1.002285285737533505e+00
-4.438247531298580739e+00
1.267393120718685484e+00
-3.639858034805544929e+00
1.568887112160778641e-01
-1.279926511069078288e+00
2.639160699961816056e-02
-4.563666151342461674e+00
6.045416297608839251e+00
3.112761171860726872e+00
-9.723534732820581228e-01
5.332988480971851075e+00
1.578365591622808761e+00
-9.535729914426255505e+00
-3.577589638368176672e+00
-1.720506475211876163e+00
6.868014454158399840e-01
5.088912077028251435e-02
-2.490805721276716511e+00
-6.980620726131604670e+00
3.853103316293011726e-01
-2.852511421432414984e+00
-1.043637791489621547e+00
-4.795852040316106457e-01
-2.693082468644879546e-01
1.257851097767333615e+00
-7.993177624865460684e-01
9.913976649880964942e+00
6.952547488453193480e+00
-1.347848098500085412e-01
-2.087102719299557041e+00
-6.694860842738694640e-01
1.200379337662330070e-03
2.792281594285695778e+00
-1.064265324881398200e+01
9.602524371660974278e-01
2.551670183865150654e-01
-6.281666570622138068e-02
3.090234280806996470e+00
-8.757814222037665353e-01
-5.738631192352141142e+00
-2.672853398465569352e+00
-5.703376923669432053e+00
4.437390993999289490e-01
-7.365680750494511209e+00
-1.069077713755802739e+00
2.051798575431720728e+00
3.268986174858669047e-01
1.753851530207820808e+00
-4.532114924051326710e-02
5.165005251983457946e+00
-1.037359530926830509e+01
-1.402329422123547165e+00
-3.749173630695424309e-01
2.204491738950222768e-01
-2.197804998938356569e+00
2.503003654774277886e-01
2.891492043317962946e+00
-5.734669516776969012e-01
-9.815428751185903966e-01
-1.864625135460101113e+00
5.897578855424186806e+00
1.382430852819461986e+00
1.603473551289465560e+00
4.423300436360135812e+00
-1.161042375721498043e+00
-1.760781784640674363e+00
-2.589505812367836945e+00
5.605057305490009689e+00
8.938172289670061943e+00
1.802438748133973867e+00
7.310837343742881966e-02
3.892321675386690494e+00
2.359955129363499271e+00
1.181786720632572507e+00
-1.123212146383597343e+00
1.117682451824710821e+00
1.846305910767994940e-01
-3.284723821564102808e-01
-1.372468301869416152e+00
-2.530386200889229720e-01
3.508276480773106498e-01
-3.910943410573074486e-01
-7.165932075254932698e+00
-2.111417792109776759e+00
9.574536052781343343e-02
6.660116179195153807e-02
-7.735463996353600713e+00
-1.784824899769518192e-01
4.173483516263897242e-01
8.352111488225339997e+00
-1.326387662837412718e-01
-5.101149594388558750e-01
2.605370616580880316e+00
3.063872400973760346e+00
-2.022572631877182836e+00
8.677206676915725225e-01
-4.533575601928276910e+00
1.740884991718638197e+00
1.251404006774583344e+01
5.746472396278879957e-01
-5.647705291538265837e-02
-3.695624289247592675e-01
8.815221776681836374e+00
6.071684318725412838e-02
2.334397041514838733e+00
1.245163333661756688e+01
7.431468603881021373e+00
3.394168235789170596e-01
1.260714073906023192e+00
5.661624636461326521e-01
-1.383255932446546055e+01
-2.117910719210150283e+00
9.783759719339013561e-01
-5.266804759645104639e+00
2.939321727951093588e-01
-3.136887761012027709e-02
1.862432573781713341e+00
1.174771843186785070e+00
-8.083159634916802005e+00
-1.945251898397599044e+00
-3.951385052656123609e+00
-6.562069457093926417e-01
6.933097490778870053e+00
1.611480650413504634e+00
1.727638015696326274e-03
-1.052127607942167017e-02
1.212748287662185565e+00
-3.689371600963013087e+00
-6.905150074668384264e+00
-4.879757863331972423e-02
3.646687887497737091e+00
-5.481120674033033158e-01
