-3.523646521940541732e+00
4.584301122710862098e-01
-4.125660999622388081e-01
1.734928002414773296e+00
3.499031202722751033e+00
-1.461498451809189980e+01
1.914563184677018359e-01
-8.796015210395628614e+00
-3.986281432348238063e+00
-2.007071951204477123e-01
1.639671072238773286e+00
4.474717035890834360e+00
-6.445497987652258232e+00
-5.847279393696902527e-01
4.382551721839672010e-01
8.021038087715668397e-01
-6.697459111194758563e+00
-8.499156086414537403e-02
6.097188541188511279e-02
-3.980170038575336355e-01
-5.622787739244499150e-01
-7.923239025433519434e-01
-1.375291374825864921e+01
-5.964451188292082540e-01
7.258899703853686880e+00
-1.298740123821441550e+00
-4.759557943917373635e+00
-3.803127222129852658e+00
-1.824091960025057690e-01
1.428870581862404698e+01
5.194196417710600366e-03
-1.040723188706360602e+00
-8.276822413461252248e-01
-1.227325085100257340e-01
-4.221479881431073444e+00
1.144505783175009950e-01
-1.803421119131550565e+00
-4.763111740493869983e-01
3.629494326434485885e+00
3.566629504031146869e+00
1.601653414436294387e+00
2.902865907508433985e-01
7.148920051230411854e-01
1.927144197081622212e-01
1.427166078596165377e+01
2.306402656475304569e-01
5.839493208301157479e-01
-7.372455874569620704e+00
3.842885327272464568e+00
1.427370550517263581e+00
1.675879499592603628e+00
6.725799576976998928e+00
4.472979110743319220e-02
6.903054058630105239e+00
-7.458008916933717147e-01
-1.854787335569426654e-01
1.055294341858557949e+01
-1.993713627330007654e+01
-6.248863876068120327e-01
-1.083349114882032005e+01
-1.460825015445993991e+01
-5.708169300962977477e-01
-8.214583160250470417e-01
2.613224657831850095e+00
9.100259256955461895e-01
-1.409700718221876770e+01
-2.387590855355283814e+00
6.259465237445894781e-01
9.288662465210286712e-01
2.062022713167957377e+00
3.060468507505644253e-01
-3.523659198343648269e-01
-1.724499001749751237e+00
4.090960957400736620e-01
-4.032478950539560847e-01
-1.195686757701138969e+00
1.831280934884367939e+00
2.817498288442293886e-01
9.631722734201908498e-01
5.495530175085086566e-02
8.042916072708731434e+00
2.644982095609530237e+00
-5.851189990541594277e-01
-2.875220094406886417e+00
1.358813134227397357e-01
4.298664606853236592e+00
2.978962052722467391e+00
2.405341324394379143e-01
-1.213872442924166517e+00
1.118479932731037962e-01
-3.949398648096634767e-01
-5.400635050793409775e+00
-6.720119311023434960e+00
1.988799750231257102e-02
-6.005879124179480666e-01
-2.926022418178047535e-01
9.488113278613127255e-01
-1.394243525290133157e+01
1.343407072916146916e+00
1.009349878328675842e+00
-6.667739856154015765e-01
-5.043566271408002066e+00
-3.086043951896582094e-01
-2.840066120805245786e-01
8.614669631838680175e+00
-8.509726507925238437e+00
4.792204456041116445e-01
1.182177898896233370e-01
-4.242909904229595242e+00
-2.458386708059644654e+00
3.893607546734977332e-01
1.167651522101841799e+01
-3.252818207057226019e+00
-1.069736158947492122e+01
-3.072496910350190014e+00
-8.972903748298410420e+00
-3.133092093017406654e+00
4.223509428444923941e+00
5.035741150889340823e+00
-1.304351192070917165e+01
6.379238754752284413e-01
-6.865028190458107860e-01
-1.838162425692458912e-01
9.665797853102293669e-01
-7.837006059070974473e-01
-2.009161399070761966e+00
5.942303458211878109e+00
4.290849796923501103e+00
-4.099641334072689602e+00
2.950366954261191665e+00
-5.367941439443120188e+00
-4.699664113036997048e-01
1.755109189443377460e+01
-2.495075393665727725e-01
-2.406017174817038085e-01
-1.549178955708027949e+01
5.265183298177310289e-02
-2.798227167928187598e+00
-2.071036039097654546e-01
-5.947001096232875650e-01
-8.642299853592101400e+00
-5.736232774638243548e-01
8.519674101799722121e-02
-4.352257668662105949e+00
-7.559871987600264021e-02
-2.425959542326643792e+00
-3.176993421187240818e-01
-4.515546694546422657e+00
6.998534843887950219e-01
-5.476018988776111540e-02
-9.220806343445175912e-02
8.983463870146941588e+00
4.855375028699128181e-01
-3.010129376273831259e+00
8.706676444500324408e+00
4.055163017915905499e+00
1.377509715273093782e+01
-8.468043833121408070e-01
-2.850351101760731254e+00
1.179944772000084269e-01
5.162881736453636128e-01
9.717162762299362821e-01
-4.148853392055896094e+00
6.557088830036830740e-02
-6.065678172793449008e+00
-2.130109441543607263e-01
6.484511709419280567e-01
-4.150025035587101563e-02
-1.630015627877211992e+00
-4.820326802690178547e-01
1.383702218983215992e+00
-7.653905979811224114e-01
-3.584809315868400237e+00
-8.180993621941858862e+00
-7.053095867562748644e-01
-3.187527291211604830e-01
4.236128609084079955e-01
1.184326652530991453e-01
-6.667056264741180183e-01
2.944216568995133287e-01
8.755023910383102903e-01
4.983510735894330912e-01
-7.098504305609401044e-01
-1.146781406403430736e+01
1.275924498550546904e-01
-1.492191312290585081e+01
4.405803534953759981e-01
3.732127049480795100e-01
-1.084650463705452289e-01
8.389004822137429151e-01
-4.936209242878761838e-01
1.137654848852406531e+00
-8.329092287264019401e-01
-6.213626265429698314e+00
-1.231997553310173910e+00
-5.174895748549753982e+00
-4.291909279448193892e-01
-1.343715756982962084e+00
-3.433476023811177225e-01
-5.222167898100803507e-01
1.401879761448329598e+00
-5.518376572757280663e+00
-1.816230872491323201e+00
-2.106025200199717062e-01
-4.472839552971486499e-01
3.102817992141612358e+00
-3.403885538832236435e-01
2.002053449920378814e+00
-9.241796057321504776e+00
-1.622720414603000538e-01
-4.858815276617420409e+00
7.744722996134129067e-01
6.997257709459822062e-01
4.175265890494773702e-01
-1.078536957590694456e-01
4.969511621608687646e-01
4.943465169597945352e-01
-3.574362552037100293e-01
6.805712397515900847e+00
1.292605188478379352e+00
-4.382529206468568361e+00
8.271537738500340797e-01
-5.007899317173618581e-01
1.403949982518794215e+00
-5.066418113161872405e+00
-5.168501348362686265e-01
5.021133697671112950e-01
7.653666748398268993e-02
-3.571408883340545071e+00
-2.859069237010984921e-01
1.297425271971686556e+00
-9.417000438668445828e-01
4.168210628336396439e+00
2.040765278813874151e-01
-2.316710220534337061e-01
-6.609066758536790154e-01
-1.607934449831736057e-01
6.038248686789583486e-01
-3.732875866362239670e-02
-7.622191065534408061e+00
-2.307316122206698461e-01
-1.228498857636939112e+00
-3.156186749981391149e-01
1.503452568827046143e+00
5.382385161968228360e+00
9.555274509706703778e-01
-1.421133173718181597e+00
-6.309362301644397819e-01
1.693189922268847347e-01
-1.204490453686220519e+01
2.483807267396759055e+00
2.186831043530574892e-01
-7.776804188609165447e-01
-3.190452059592197021e-02
-1.144456247934098059e-01
-7.712386165460589638e-01
-3.375422125514838445e+00
-1.373981914181034991e-01
2.594309605283602327e-01
-2.564500598552908461e-01
-5.255617219950857733e-01
-9.994068865895227916e+00
1.748050792419342248e-02
-4.434437190873654622e+00
4.114241024615685749e-01
