
0 39.013548 -4.069112 6.569795
1 57.018586 1.550684 13.730676
2 57.018586 7.376425 16.125981
3 57.197882 19.665382 18.061468
4 57.197882 31.548565 12.872422
5 66.147798 40.13127 7.634036
6 75.179917 43.652618 6.908306
7 75.179917 45.821687 6.98886
8 75.179917 48.610822 6.928118
9 75.179917 51.304606 6.688362
10 75.197882 52.416988 7.994135
11 75.197882 54.596504 8.537144
12 75.216175 58.391455 8.90231
13 94.785064 60.21248 9.605453
14 94.785064 63.124665 8.030057
15 94.785064 65.113138 7.822732
16 94.918596 67.065456 10.484304
17 94.918596 75.925048 11.045113
18 94.918596 82.75454 11.043792
19 94.918596 89.137239 8.896339
20 94.918596 94.827983 0.051391
21 94.918596 93.075453 5.616897
22 94.918596 94.856848 0.046468
23 94.918596 94.873573 0.038586
24 94.918596 94.878833 0.042039
25 94.918596 94.882812 0.041411
26 94.918596 94.889448 0.039078
27 94.918596 94.890716 0.04331
28 94.918596 94.902019 0.034365
29 94.918596 94.903314 0.036287
30 94.918596 94.910004 0.022226
0 39.070411 -2.896014 9.9104
1 48.111122 3.054639 15.310419
2 48.111122 13.012863 19.12045
3 48.111122 24.773997 17.592776
4 56.456088 36.577105 9.930762
5 75.075744 43.981201 5.832155
6 75.075744 46.676787 5.392185
7 75.075744 49.456573 4.676028
8 91.345561 52.138861 7.888669
9 92.131574 59.283497 13.088892
10 93.408535 68.812713 13.931211
11 93.408535 79.840178 12.391808
12 93.611039 88.413932 5.940977
13 93.616064 91.911497 0.846383
14 93.683798 92.608284 0.718955
15 93.694638 93.160541 0.577648
16 93.705597 93.560002 0.216082
17 93.705597 93.671532 0.029141
18 93.708356 93.69122 0.008509
19 93.708356 93.698232 0.005969
20 93.708356 93.70275 0.005275
21 93.708356 93.706647 0.002296
22 93.708356 93.707942 0.000985
23 93.708356 93.708356 0.0
24 93.708356 93.708356 0.0
25 93.711122 93.708383 0.000275
26 93.711122 93.708466 0.000542
27 93.711122 93.709103 0.001228
28 93.711122 93.709933 0.00137
29 93.711122 93.710762 0.00093
30 93.711122 93.711122 0.0
0 48.013548 -2.708553 9.430375
1 75.013548 1.753934 15.148562
2 75.013548 10.728648 19.10208
3 75.013548 24.607548 19.290614
4 75.013548 37.5462 11.040446
5 75.013548 44.170596 6.89181
6 75.013548 45.364477 6.784839
7 75.2699 47.809786 7.127696
8 94.852506 50.922669 9.31312
9 94.852506 53.880568 11.329611
10 94.852506 59.380361 12.977073
11 94.852506 65.596563 12.868876
12 94.918596 70.860537 12.819865
13 94.918596 76.866997 11.796604
14 94.918596 80.720699 11.398248
15 94.918596 85.367268 9.983649
16 94.918596 88.395079 9.084029
17 94.918596 91.716015 7.013535
18 94.918596 93.067721 5.597296
19 94.918596 93.466077 4.992318
20 94.918596 93.391293 5.047377
21 94.918596 94.070307 3.837814
22 94.918596 94.858925 0.040544
23 94.918596 94.869554 0.041673
24 94.918596 94.877525 0.040718
25 94.918596 94.880101 0.046292
26 94.918596 94.8934 0.039632
27 94.918596 94.897959 0.043916
28 94.918596 94.897973 0.042874
29 94.918596 94.899969 0.041165
30 94.918596 94.906645 0.031737
0 39.013548 -3.642876 7.423804
1 48.963047 1.020034 13.113423
2 48.963047 4.900027 14.484525
3 57.018586 14.047761 17.030052
4 65.976552 27.825069 16.633155
5 65.976552 37.304275 9.793999
6 66.2699 42.667707 6.501978
7 66.2699 43.86046 6.898504
8 66.2699 47.558515 7.360361
9 94.852506 53.112561 7.209227
10 94.852506 57.854856 8.258727
11 94.852506 64.831711 11.039852
12 94.918596 73.150436 13.586095
13 94.918596 81.272266 11.292815
14 94.918596 87.5813 9.434957
15 94.918596 91.291879 7.506701
16 94.918596 93.641751 4.641718
17 94.918596 92.087242 6.785463
18 94.918596 93.464701 4.991963
19 94.918596 94.650394 1.948274
20 94.918596 94.860976 0.036035
21 94.918596 94.667078 1.949938
22 94.918596 94.871537 0.042381
23 94.918596 94.876136 0.045651
24 94.918596 94.887452 0.040357
25 94.918596 94.892672 0.045076
26 94.918596 94.911326 0.020679
27 94.918596 94.897325 0.041998
28 94.918596 94.90469 0.030096
29 94.918596 94.910665 0.021477
30 94.918596 94.916613 0.011274
0 39.179917 -1.828385 10.866257
1 48.2699 6.143111 16.614277
2 57.046757 17.266189 19.223969
3 57.046757 28.893421 14.551435
4 66.2699 38.169869 10.442718
5 66.2699 42.818249 6.720748
6 66.2699 43.990269 7.518887
7 88.542067 47.190728 9.618793
8 88.542067 49.606231 9.491991
9 94.900134 52.667272 10.035484
10 94.900134 54.938393 12.095867
11 94.900134 61.947623 13.158428
12 94.900134 71.40227 12.386794
13 94.900134 78.131458 10.689919
14 94.900134 83.04181 9.466908
15 94.900134 86.235961 9.382095
16 94.900134 88.326823 8.792903
17 94.900134 91.71618 6.559986
18 94.900134 94.900134 0.0
19 94.900134 93.504707 5.07319
20 94.900134 94.900134 0.0
21 94.900134 94.900134 0.0
22 94.900134 94.900134 0.0
23 94.900134 94.900134 0.0
24 94.900134 94.900134 0.0
25 94.900134 94.900134 0.0
26 94.900134 94.900134 0.0
27 94.900134 94.900134 0.0
28 94.900134 94.900134 0.0
29 94.90625 94.900195 0.000609
30 94.90625 94.900317 0.001043
0 39.013548 -2.238015 11.468446
1 48.013548 2.855242 15.768187
2 65.976552 11.323637 19.374267
3 65.976552 24.141178 18.480194
4 65.976552 35.937426 8.771575
5 66.073074 41.565431 5.26547
6 66.073074 43.10107 6.137021
7 66.073074 43.742704 6.768449
8 66.2699 46.1833 6.847119
9 66.2699 48.40291 6.545483
10 75.286267 52.15855 7.933975
11 89.939214 57.531857 11.238515
12 89.939214 64.105661 11.212126
13 89.939214 71.986376 9.55197
14 91.616175 79.726793 7.828233
15 91.616175 84.814341 5.36595
16 91.616175 87.49043 2.465431
17 91.616175 88.504734 1.628153
18 91.616175 89.175074 1.521688
19 91.616175 90.124871 1.254877
20 91.616175 90.784074 0.886117
21 91.616175 91.255767 0.64079
22 91.616175 91.511425 0.172623
23 91.616175 91.616175 0.0
24 91.616175 91.616175 0.0
25 91.616175 91.616175 0.0
26 91.616175 91.616175 0.0
27 91.616175 91.616175 0.0
28 91.616175 91.616175 0.0
29 91.616175 91.616175 0.0
30 91.616175 91.616175 0.0
0 39.013548 -3.085146 9.533451
1 47.596426 1.648705 14.052488
2 48.031292 6.971621 16.606749
3 57.179917 16.486424 17.873212
4 57.179917 29.503214 15.413206
5 89.073851 39.901676 11.0132
6 89.073851 45.295574 8.167336
7 89.073851 49.081971 8.431489
8 89.073851 52.935714 7.564445
9 89.073851 57.31141 8.929388
10 89.70869 64.317919 9.60612
11 91.273851 71.08786 10.642806
12 91.475317 78.50714 9.324472
13 91.872063 85.169776 6.804172
14 91.872063 89.916194 1.961562
15 91.872063 91.087462 0.497405
16 91.872063 91.459492 0.267343
17 91.872063 91.671897 0.210517
18 91.872063 91.815679 0.094507
19 91.872063 91.872063 0.0
20 91.872063 91.872063 0.0
21 91.872063 91.872063 0.0
22 91.872063 91.872063 0.0
23 91.872063 91.872063 0.0
24 91.872063 91.872063 0.0
25 91.872063 91.872063 0.0
26 91.872063 91.872063 0.0
27 91.872063 91.872063 0.0
28 91.872063 91.872063 0.0
29 91.872063 91.872063 0.0
30 91.872063 91.872063 0.0
0 39.013548 -2.925872 8.497541
1 94.900134 3.547843 18.0308
2 94.900134 14.854804 20.989553
3 94.900134 28.290042 18.150459
4 94.900134 39.101647 11.220182
5 94.900134 43.590008 9.580507
6 94.900134 44.508691 10.105656
7 94.900134 47.055847 11.4573
8 94.900134 49.756567 12.404669
9 94.900134 52.457521 12.474651
10 94.900134 56.782932 12.244605
11 94.918596 61.979325 11.452393
12 94.918596 68.534587 12.071482
13 94.918596 74.418143 10.919702
14 94.918596 76.638811 11.792178
15 94.918596 78.95854 11.357104
16 94.918596 83.332614 10.64212
17 94.924826 87.976679 9.32474
18 95.016393 93.638194 4.643252
19 95.023266 94.882775 0.050209
20 95.023266 94.914308 0.041677
21 95.023266 94.936 0.040431
22 95.023266 94.956542 0.038578
23 95.030187 94.976135 0.030833
24 95.030187 94.989892 0.022809
25 95.030187 94.997328 0.019973
26 95.030187 95.005197 0.014796
27 95.030187 95.00899 0.014343
28 95.030187 95.01475 0.011562
29 95.030187 95.018359 0.009611
30 95.030187 95.019806 0.010096
0 39.013548 -2.487382 9.208134
1 94.790514 3.99902 17.449758
2 94.790514 10.736875 18.49757
3 94.790514 23.273115 17.868484
4 94.790514 35.336955 12.328258
5 94.790514 42.380259 8.021763
6 94.790514 45.53655 8.90155
7 94.852506 49.064499 9.819993
8 94.852506 52.434481 9.368229
9 94.852506 53.636307 10.289811
10 94.852506 56.37416 10.946317
11 94.852506 60.239826 11.263698
12 94.852506 64.400977 11.646662
13 94.852506 67.016837 12.073909
14 94.900134 71.173287 12.370235
15 94.900134 76.583251 10.034681
16 94.969562 80.021007 10.012229
17 94.969562 82.396845 9.262919
18 94.969562 85.121015 9.432845
19 95.002788 89.563452 7.277533
20 95.016393 94.114766 2.246599
21 95.030187 94.915586 0.058315
22 95.030187 94.957281 0.040832
23 95.030187 94.980623 0.026473
24 95.030187 94.994584 0.020324
25 95.072746 95.00736 0.018511
26 95.072746 95.023766 0.017627
27 95.072746 95.037505 0.016714
28 95.072746 95.051489 0.014629
29 95.080019 95.062418 0.010264
30 95.080019 95.069576 0.005033
0 39.033853 -3.819447 7.463954
1 66.176954 1.252381 13.760363
2 66.176954 10.315375 17.861535
3 66.176954 19.657004 17.003316
4 66.176954 31.322618 14.22135
5 66.179917 40.262472 10.942407
6 66.179917 45.722535 6.439517
7 75.179917 47.989411 7.020807
8 94.900134 53.137553 9.599057
9 94.900134 58.321001 11.726636
10 94.900134 66.278048 11.944503
11 94.900134 72.395919 9.689877
12 94.900134 74.781112 9.201803
13 94.900134 80.592787 9.581409
14 94.900134 85.171464 9.670725
15 94.900134 89.312709 8.676657
16 94.900134 91.86619 7.018072
17 94.900134 93.914062 4.297908
18 94.900134 94.900134 0.0
19 94.900134 94.900134 0.0
20 94.900134 94.900134 0.0
21 94.900134 94.900134 0.0
22 94.900134 94.900134 0.0
23 94.900134 94.900134 0.0
24 94.900134 94.900134 0.0
25 94.900134 94.900134 0.0
26 94.900134 94.900134 0.0
27 94.900134 94.900134 0.0
28 94.900134 94.900134 0.0
29 94.900134 94.900134 0.0
30 94.900134 94.900134 0.0