These are the parameter for this input: 
 init_mut_rate:10 
 fin_mut_rate:0.001,
 p_mut: 0.1
 num_parents: 8
 p_new: 0.3
 gen best mean std
0 47.881903 2.276805 13.460328
1 94.82385 12.360606 18.442347
2 94.82385 27.231719 18.35995
3 94.82385 38.760033 12.656105
4 94.82385 45.903155 9.629152
5 94.82385 49.693051 9.624474
6 94.82385 55.344969 7.382139
7 94.82385 56.805414 7.560058
8 94.82385 60.73449 8.744186
9 94.894055 67.875091 12.546949
10 94.931096 78.020075 13.981626
11 95.016393 88.067388 9.522917
12 95.030187 94.161056 3.439069
13 95.030187 94.917063 0.051629
14 95.030187 94.95273 0.042906
15 95.030187 94.979323 0.02953
16 95.030187 94.997382 0.019351
17 95.030187 95.007583 0.015663
18 95.030187 95.015306 0.012338
19 95.030187 95.020558 0.009685
20 95.030187 95.024536 0.00741
21 95.030187 95.027421 0.004135
22 95.030187 95.028393 0.004519
23 95.030187 95.02895 0.004981
24 95.030187 95.029841 0.001508
25 95.030187 95.030187 0.0
26 95.030187 95.030187 0.0
27 95.030187 95.030187 0.0
28 95.030187 95.030187 0.0
29 95.030187 95.030187 0.0

These are the parameter for this input: 
 init_mut_rate:7.5 
 fin_mut_rate:0.001,
 p_mut: 0.1
 num_parents: 8
 p_new: 0.3
 gen best mean std
0 47.881903 3.255204 13.820292
1 94.358253 15.015843 19.099218
2 94.358253 28.258327 15.601694
3 94.358253 37.650112 10.000239
4 94.358253 42.403717 7.912022
5 94.785064 45.872497 10.597006
6 94.876036 51.179724 13.781117
7 94.876036 57.950886 13.53371
8 94.918596 63.459915 14.603423
9 95.016393 74.406756 15.106864
10 95.023266 85.392616 12.154219
11 95.023266 92.950754 5.572586
12 95.023266 94.86807 0.067147
13 95.023266 94.907948 0.057481
14 95.030187 94.943495 0.046556
15 95.030187 94.966851 0.036986
16 95.030187 94.982157 0.029323
17 95.030187 94.992771 0.023122
18 95.030187 94.998772 0.021509
19 95.030187 95.007587 0.015894
20 95.030187 95.009154 0.019806
21 95.030187 95.013527 0.0168
22 95.030187 95.016813 0.016959
23 95.030187 95.016798 0.019834
24 95.030187 95.025504 0.007494
25 95.030187 95.024344 0.014849
26 95.030187 95.029979 0.001181
27 95.030187 95.030187 0.0
28 95.030187 95.030048 0.000969
29 95.030187 95.030187 0.0

These are the parameter for this input: 
 init_mut_rate:5 
 fin_mut_rate:0.001,
 p_mut: 0.1
 num_parents: 8
 p_new: 0.3
 gen best mean std
0 48.013548 3.973689 15.130901
1 75.2699 17.9596 21.114817
2 75.2699 31.913008 15.976322
3 75.2699 42.54928 8.778446
4 75.2699 45.69969 8.394359
5 75.2699 48.31722 8.55288
6 94.876036 53.256662 8.736218
7 94.900134 55.545313 10.003779
8 94.900134 59.474162 11.592935
9 94.931096 65.867537 12.070114
10 94.931096 75.114898 13.803878
11 95.023266 85.28867 11.724053
12 95.023266 92.653518 6.114083
13 95.023266 94.883551 0.055981
14 95.023266 94.918576 0.047033
15 95.030187 94.952428 0.040228
16 95.030187 94.975724 0.030275
17 95.030187 94.991531 0.02146
18 95.030187 94.998723 0.019088
19 95.030187 95.006884 0.014294
20 95.030187 95.009149 0.015802
21 95.030187 95.011352 0.017296
22 95.030187 95.017615 0.010646
23 95.030187 95.021917 0.00756
24 95.030187 95.020914 0.0108
25 95.030187 95.024742 0.007204
26 95.030187 95.025241 0.009122
27 95.030187 95.027511 0.00755
28 95.030187 95.028473 0.00645
29 95.030187 95.030187 0.0

These are the parameter for this input: 
 init_mut_rate:2.5 
 fin_mut_rate:0.001,
 p_mut: 0.1
 num_parents: 8
 p_new: 0.3
 gen best mean std
0 57.018586 4.949493 16.218209
1 57.018586 18.659617 20.371228
2 57.018586 32.888651 14.187504
3 57.018586 43.096593 6.003745
4 57.018586 46.698998 6.74986
5 66.2699 52.176186 5.728133
6 66.2699 55.588738 3.750289
7 94.918596 57.670099 4.051605
8 94.918596 57.9444 4.300087
9 94.918596 58.784663 6.027277
10 94.918596 61.466688 8.789693
11 94.918596 65.486011 11.084784
12 94.918596 71.445588 12.015218
13 94.918596 77.484215 11.217721
14 94.918596 82.922639 10.07103
15 94.918596 87.198321 9.537919
16 94.918596 91.896028 6.984527
17 94.918596 93.858308 4.26474
18 94.918596 93.676578 4.650581
19 94.918596 94.862877 0.043917
20 94.918596 94.867531 0.044022
21 94.918596 94.8782 0.039727
22 94.918596 94.878119 0.046015
23 94.918596 94.88872 0.044525
24 94.918596 94.906039 0.025927
25 94.918596 94.913308 0.01793
26 94.918596 94.913308 0.01793
27 94.918596 94.913969 0.016863
28 94.918596 94.915952 0.012951
29 94.918596 94.912648 0.018914

These are the parameter for this input: 
 init_mut_rate:1 
 fin_mut_rate:0.001,
 p_mut: 0.1
 num_parents: 8
 p_new: 0.3
 gen best mean std
0 48.013548 7.371782 16.973305
1 57.119467 21.707013 19.992441
2 75.049357 38.000024 14.85117
3 75.049357 48.255932 7.83253
4 86.008083 53.465884 7.52315
5 89.338543 58.838623 10.269421
6 89.338543 64.52048 8.696374
7 89.338543 68.856859 8.628363
8 89.338543 72.76149 7.45387
9 89.338543 76.664911 6.681564
10 89.338543 79.723135 5.817128
11 89.338543 81.579733 6.144459
12 90.133892 84.703032 4.140462
13 90.133892 86.122224 2.894487
14 90.133892 87.262362 1.080948
15 94.174 88.130051 1.103682
16 94.174 88.907619 1.185122
17 94.174 89.058574 2.850636
18 94.174 90.178757 1.442424
19 94.174 90.949768 1.924248
20 94.174 92.324589 2.055957
21 94.174 93.633253 1.274297
22 94.174 94.174 0.0
23 94.174 94.174 0.0
24 94.174 94.174 0.0
25 94.174 94.174 0.0
26 94.174 94.174 0.0
27 94.174 94.174 0.0
28 94.174 94.174 0.0
29 94.174 94.174 0.0

These are the parameter for this input: 
 init_mut_rate:5 
 fin_mut_rate:0.05,
 p_mut: 0.1
 num_parents: 8
 p_new: 0.3
 gen best mean std
0 48.013548 3.973689 15.130901
1 94.152976 17.520696 21.247637
2 94.152976 30.322857 16.663816
3 94.152976 39.699882 10.357382
4 94.152976 43.546171 8.156106
5 94.152976 45.262271 8.93065
6 94.152976 47.618571 9.351617
7 94.152976 49.868647 9.051767
8 94.852506 52.168267 10.628111
9 94.852506 53.164366 11.296987
10 94.918596 57.112504 13.431114
11 94.918596 62.293393 14.913771
12 94.918596 67.880748 13.747853
13 94.918596 74.39537 13.990694
14 94.918596 78.313003 13.113026
15 94.918596 83.129899 10.941341
16 94.918596 87.54914 9.553608
17 94.918596 89.059552 9.963996
18 94.918596 91.470598 7.970832
19 94.989365 91.247246 8.378691
20 94.989365 92.64446 6.112845
21 94.989365 91.350476 7.848731
22 94.989365 93.817381 4.264519
23 95.016393 94.866515 0.145612
24 95.016393 94.908367 0.039335
25 95.023266 94.935818 0.03553
26 95.030187 94.963649 0.034681
27 95.030187 94.983606 0.02406
28 95.030187 94.995369 0.015513
29 95.030187 95.000393 0.014293

These are the parameter for this input: 
 init_mut_rate:5 
 fin_mut_rate:0.04,
 p_mut: 0.1
 num_parents: 8
 p_new: 0.3
 gen best mean std
0 48.013548 3.973689 15.130901
1 94.358253 17.432748 21.142015
2 94.358253 30.864483 17.133669
3 94.358253 40.151253 11.038742
4 94.358253 44.851922 9.732907
5 94.358253 46.579473 9.841692
6 94.358253 48.573209 10.252891
7 94.358253 49.457835 9.939011
8 94.852506 52.481313 11.856924
9 94.852506 54.340953 13.084732
10 94.852506 58.948859 13.291578
11 94.918596 64.628823 13.333061
12 94.918596 67.268354 14.751863
13 95.023266 75.772991 14.241607
14 95.023266 84.559031 11.243186
15 95.023266 90.672661 7.617235
16 95.023266 94.775593 0.24905
17 95.023266 94.881432 0.054369
18 95.023266 94.89819 0.065134
19 95.030187 94.92177 0.054768
20 95.030187 94.933691 0.054007
21 95.030187 94.954172 0.043407
22 95.030187 94.963411 0.040364
23 95.030187 94.965888 0.040528
24 95.030187 94.979847 0.031528
25 95.030187 94.988554 0.030048
26 95.030187 94.988594 0.035245
27 95.030187 94.995608 0.029025
28 95.030187 95.000293 0.025939
29 95.030187 95.007015 0.021494

These are the parameter for this input: 
 init_mut_rate:5 
 fin_mut_rate:0.03,
 p_mut: 0.1
 num_parents: 8
 p_new: 0.3
 gen best mean std
0 48.013548 3.973689 15.130901
1 94.563558 17.257246 20.853731
2 94.563558 30.675052 16.028994
3 94.900134 40.878787 11.141853
4 94.900134 44.110201 9.791932
5 94.900134 46.002733 10.0687
6 94.900134 47.716167 10.463942
7 94.900134 49.330864 10.534851
8 94.900134 54.295428 10.97221
9 94.900134 55.613502 13.419823
10 94.900134 60.432412 13.56108
11 94.90625 63.872418 12.957829
12 94.937405 69.902809 11.135064
13 94.937405 73.029776 10.443344
14 94.937405 76.177502 10.372131
15 94.937405 77.752463 10.707905
16 95.002788 81.85677 10.159387
17 95.002788 82.048353 11.482789
18 95.002788 86.336499 9.865513
19 95.002788 89.106876 9.057762
20 95.016393 91.115631 7.950714
21 95.016393 91.746467 7.565677
22 95.016393 94.444817 2.815341
23 95.016393 93.657064 4.712126
24 95.023266 94.92952 0.02947
25 95.030187 94.942327 0.026777
26 95.030187 94.958028 0.029132
27 95.030187 94.974518 0.029606
28 95.030187 94.986212 0.027365
29 95.030187 95.000131 0.018821

These are the parameter for this input: 
 init_mut_rate:5 
 fin_mut_rate:0.02,
 p_mut: 0.1
 num_parents: 8
 p_new: 0.3
 gen best mean std
0 48.013548 3.973689 15.130901
1 94.876036 17.260586 20.865488
2 94.876036 31.659482 16.395292
3 94.876036 41.402101 8.94254
4 94.876036 43.73928 7.786381
5 94.876036 45.912326 8.438072
6 94.876036 47.614501 8.069414
7 94.876036 50.766155 8.572803
8 94.918596 53.053525 11.218592
9 94.918596 55.047193 12.427418
10 94.918596 57.795773 13.222738
11 94.918596 63.459902 12.745137
12 95.002788 68.58193 13.664951
13 95.002788 79.090003 14.684021
14 95.023266 88.88419 10.175541
15 95.023266 94.84454 0.136907
16 95.030187 94.899774 0.057715
17 95.030187 94.920411 0.04649
18 95.030187 94.939926 0.040398
19 95.030187 94.955901 0.03862
20 95.030187 94.968577 0.034118
21 95.030187 94.979845 0.029297
22 95.030187 94.984884 0.027293
23 95.030187 94.990607 0.024741
24 95.030187 94.995745 0.024188
25 95.030187 94.995588 0.025942
26 95.030187 95.000434 0.023459
27 95.030187 95.006134 0.018114
28 95.030187 95.004512 0.024532
29 95.030187 95.008231 0.021193

These are the parameter for this input: 
 init_mut_rate:5 
 fin_mut_rate:0.01,
 p_mut: 0.1
 num_parents: 8
 p_new: 0.3
 gen best mean std
0 48.013548 3.973689 15.130901
1 94.888012 17.167115 20.755466
2 94.888012 31.29467 16.034246
3 94.888012 40.696052 9.739127
4 94.888012 43.04312 8.676594
5 94.888012 44.942449 9.113961
6 94.888012 47.185237 9.209913
7 94.888012 49.681483 9.113738
8 94.888012 52.059416 10.193163
9 94.900134 55.536963 12.389027
10 94.900134 60.594099 14.297445
11 94.900134 69.110502 13.543866
12 94.956575 77.958475 13.202636
13 94.956575 86.983577 10.339396
14 94.989365 93.491353 4.622747
15 94.996054 94.87859 0.05001
16 95.016393 94.91053 0.042654
17 95.030187 94.931121 0.042709
18 95.030187 94.955493 0.036369
19 95.030187 94.974345 0.030361
20 95.030187 94.984848 0.026021
21 95.030187 94.99415 0.021983
22 95.030187 95.000146 0.019553
23 95.030187 95.004521 0.018824
24 95.030187 95.010051 0.016887
25 95.030187 95.015982 0.011602
26 95.030187 95.01372 0.019826
27 95.030187 95.020703 0.010389
28 95.030187 95.022768 0.01026
29 95.030187 95.025373 0.008475

These are the parameter for this input: 
 init_mut_rate:5 
 fin_mut_rate:0.001,
 p_mut: 0.01
 num_parents: 8
 p_new: 0.3
 gen best mean std
0 48.059829 11.38587 20.065512
1 57.018586 26.354131 20.484908
2 94.900134 42.13529 10.301427
3 94.900134 48.230312 7.412785
4 94.900134 52.833289 7.87901
5 94.900134 56.813263 9.084448
6 94.900134 64.727296 11.107186
7 94.900134 73.641789 14.114192
8 94.900134 84.646455 11.811404
9 94.900134 92.052431 6.903732
10 94.900134 94.900134 0.0
11 94.900134 94.900134 0.0
12 94.900134 94.900134 0.0
13 94.900134 94.900134 0.0
14 94.900134 94.900134 0.0
15 94.900134 94.900134 0.0
16 94.900134 94.900134 0.0
17 94.900134 94.900134 0.0
18 94.900134 94.900134 0.0
19 94.900134 94.900134 0.0
20 94.900134 94.900134 0.0
21 94.900134 94.900134 0.0
22 94.900134 94.900134 0.0
23 94.900134 94.900134 0.0
24 94.900134 94.900134 0.0
25 94.900134 94.900134 0.0
26 94.900134 94.900134 0.0
27 94.900134 94.900134 0.0
28 94.900134 94.900134 0.0
29 94.900134 94.900134 0.0

These are the parameter for this input: 
 init_mut_rate:5 
 fin_mut_rate:0.001,
 p_mut: 0.05
 num_parents: 8
 p_new: 0.3
 gen best mean std
0 56.929262 8.357239 17.336864
1 57.018586 22.066148 19.032275
2 85.746375 36.767081 12.811413
3 86.008083 44.382797 9.076428
4 86.008083 47.716782 9.853058
5 86.008083 53.777677 9.500798
6 94.918596 60.52964 10.780117
7 94.918596 67.149877 10.25153
8 94.918596 72.010625 9.036136
9 94.918596 75.443896 8.678468
10 94.918596 77.415924 8.034861
11 94.918596 79.618196 7.306906
12 94.918596 80.809743 7.865716
13 94.918596 83.417377 6.417902
14 94.918596 86.306021 4.4161
15 94.918596 85.205547 6.739473
16 94.918596 85.860613 6.764197
17 94.918596 87.157094 6.980781
18 94.918596 88.56011 7.022918
19 94.918596 91.070202 5.69341
20 94.918596 94.239858 1.955928
21 94.918596 94.897447 0.030829
22 94.918596 94.910638 0.025352
23 94.918596 94.918596 0.0
24 94.918596 94.918596 0.0
25 94.918596 94.918596 0.0
26 94.918596 94.918596 0.0
27 94.918596 94.918596 0.0
28 94.918596 94.918596 0.0
29 94.918596 94.918596 0.0

These are the parameter for this input: 
 init_mut_rate:5 
 fin_mut_rate:0.001,
 p_mut: 0.1
 num_parents: 8
 p_new: 0.3
 gen best mean std
0 48.013548 3.973689 15.130901
1 75.2699 17.9596 21.114817
2 75.2699 31.913008 15.976322
3 75.2699 42.54928 8.778446
4 75.2699 45.69969 8.394359
5 75.2699 48.31722 8.55288
6 94.876036 53.256662 8.736218
7 94.900134 55.545313 10.003779
8 94.900134 59.474162 11.592935
9 94.931096 65.867537 12.070114
10 94.931096 75.114898 13.803878
11 95.023266 85.28867 11.724053
12 95.023266 92.653518 6.114083
13 95.023266 94.883551 0.055981
14 95.023266 94.918576 0.047033
15 95.030187 94.952428 0.040228
16 95.030187 94.975724 0.030275
17 95.030187 94.991531 0.02146
18 95.030187 94.998723 0.019088
19 95.030187 95.006884 0.014294
20 95.030187 95.009149 0.015802
21 95.030187 95.011352 0.017296
22 95.030187 95.017615 0.010646
23 95.030187 95.021917 0.00756
24 95.030187 95.020914 0.0108
25 95.030187 95.024742 0.007204
26 95.030187 95.025241 0.009122
27 95.030187 95.027511 0.00755
28 95.030187 95.028473 0.00645
29 95.030187 95.030187 0.0

These are the parameter for this input: 
 init_mut_rate:5 
 fin_mut_rate:0.001,
 p_mut: 0.15
 num_parents: 8
 p_new: 0.3
 gen best mean std
0 39.174 2.62478 13.837433
1 66.113896 11.127514 17.743798
2 66.113896 21.559806 17.101721
3 66.113896 33.271829 12.641182
4 84.339214 41.741747 10.46485
5 84.339214 47.61734 9.840103
6 88.833853 53.616463 10.195269
7 89.133892 60.380936 10.4259
8 92.136215 66.301952 9.499343
9 92.136215 71.376501 8.300249
10 92.136215 74.827547 8.643626
11 92.140877 79.031577 7.301692
12 92.576954 81.988958 6.691769
13 92.576954 86.255449 5.565124
14 92.860207 90.045956 2.391477
15 93.060207 91.728294 1.048096
16 93.299556 92.403891 0.355162
17 93.299556 92.725545 0.38851
18 93.499556 93.020066 0.290919
19 93.499556 93.216894 0.104843
20 93.499556 93.300203 0.08664
21 93.499556 93.373104 0.090945
22 93.499556 93.434432 0.067319
23 93.499556 93.476862 0.043564
24 93.499556 93.499556 0.0
25 93.499556 93.499556 0.0
26 93.499556 93.499556 0.0
27 93.499556 93.499556 0.0
28 93.499556 93.499556 0.0
29 93.499556 93.499556 0.0

These are the parameter for this input: 
 init_mut_rate:5 
 fin_mut_rate:0.001,
 p_mut: 0.2
 num_parents: 8
 p_new: 0.3
 gen best mean std
0 48.013548 3.54298 14.578689
1 48.013548 12.695397 16.922978
2 48.2699 24.594234 14.525097
3 66.013548 34.884356 9.549706
4 75.2699 42.019595 7.182535
5 75.2699 44.803562 7.346076
6 75.2699 48.761605 7.874311
7 94.852506 52.991591 8.925692
8 94.852506 57.102238 11.745426
9 94.918596 61.879318 12.492838
10 94.918596 68.031435 11.27795
11 94.918596 73.477364 10.361301
12 94.918596 77.917875 10.69859
13 94.918596 81.586143 9.949171
14 94.918596 85.351938 9.624116
15 94.918596 87.143314 9.930251
16 94.918596 89.111317 9.569111
17 94.918596 93.061678 5.595387
18 94.918596 92.873244 5.867913
19 94.918596 90.729934 7.970964
20 94.918596 94.258108 3.33956
21 94.918596 94.853611 0.038894
22 94.918596 94.857577 0.041837
23 94.918596 94.863565 0.042182
24 94.918596 94.673013 1.950617
25 94.918596 94.882165 0.04026
26 94.918596 94.896759 0.033859
27 94.918596 94.911987 0.019827
28 94.918596 94.913308 0.01793
29 94.918596 94.910651 0.023494

These are the parameter for this input: 
 init_mut_rate:5 
 fin_mut_rate:0.001,
 p_mut: 0.1
 num_parents: 5
 p_new: 0.3
 gen best mean std
0 48.013548 2.697477 14.165252
1 75.2699 14.191083 19.458043
2 75.2699 26.207268 16.519987
3 75.2699 36.423406 10.918752
4 94.918596 43.079295 9.053775
5 94.918596 45.352494 9.407647
6 94.918596 47.958382 8.98063
7 94.918596 52.096902 9.114212
8 94.918596 54.877356 11.869876
9 94.918596 59.639162 12.282903
10 94.918596 64.012047 12.385835
11 94.918596 69.114941 13.149459
12 94.918596 75.164769 12.297047
13 94.918596 80.200369 11.844475
14 94.918596 86.733988 9.559337
15 94.918596 91.95615 6.739702
16 94.918596 94.786282 0.120863
17 94.918596 94.859162 0.037624
18 94.918596 94.882437 0.024832
19 94.918596 94.898278 0.008158
20 94.918596 94.901125 0.005521
21 94.924826 94.903326 0.00586
22 94.924826 94.906031 0.007265
23 94.924826 94.910452 0.006621
24 94.924826 94.914016 0.003354
25 94.924826 94.915874 0.003954
26 94.924826 94.917675 0.004494
27 94.924826 94.920465 0.002855
28 94.924826 94.922022 0.0031
29 94.924826 94.923892 0.002225

These are the parameter for this input: 
 init_mut_rate:5 
 fin_mut_rate:0.001,
 p_mut: 0.1
 num_parents: 6
 p_new: 0.3
 gen best mean std
0 48.013548 3.957704 15.085467
1 75.2699 14.299888 18.703669
2 75.2699 27.189538 15.505862
3 75.2699 37.302677 10.668243
4 75.2699 42.567766 6.976726
5 75.2699 44.379259 7.654981
6 94.801503 49.378253 10.704639
7 94.801503 54.057064 9.781436
8 94.943754 58.180304 11.545394
9 94.943754 65.970874 12.580132
10 94.943754 74.626441 14.149935
11 94.943754 84.043255 11.116436
12 94.943754 89.959373 8.262824
13 94.98272 94.745243 0.249132
14 95.030187 94.886417 0.061766
15 95.030187 94.935104 0.049822
16 95.030187 94.965626 0.037284
17 95.030187 94.986484 0.027589
18 95.030187 95.000528 0.018454
19 95.030187 95.006584 0.016759
20 95.030187 95.012798 0.013836
21 95.030187 95.015296 0.016343
22 95.030187 95.019412 0.011723
23 95.030187 95.022083 0.010668
24 95.030187 95.022237 0.012104
25 95.030187 95.027702 0.004913
26 95.030187 95.029979 0.001181
27 95.030187 95.030187 0.0
28 95.030187 95.030187 0.0
29 95.030187 95.030187 0.0

These are the parameter for this input: 
 init_mut_rate:5 
 fin_mut_rate:0.001,
 p_mut: 0.1
 num_parents: 7
 p_new: 0.3
 gen best mean std
0 48.013548 4.062917 15.100894
1 75.2699 15.738868 19.371147
2 75.2699 30.684284 16.611349
3 75.2699 40.525956 10.113703
4 75.2699 43.828699 7.256251
5 94.785064 46.282108 8.991677
6 94.876036 49.363772 10.666917
7 94.876036 53.599333 10.927283
8 94.894055 62.240468 15.215749
9 94.969562 73.318643 15.203292
10 95.023266 84.970514 11.817331
11 95.023266 92.39035 6.329346
12 95.023266 94.862243 0.051922
13 95.023266 94.895597 0.044872
14 95.023266 94.926744 0.044536
15 95.023266 94.950165 0.039812
16 95.030187 94.975607 0.032845
17 95.030187 94.98909 0.02793
18 95.030187 94.99967 0.022539
19 95.030187 95.005046 0.021317
20 95.030187 95.005803 0.024706
21 95.030187 95.009786 0.02375
22 95.030187 95.018311 0.011553
23 95.030187 95.02241 0.008887
24 95.030187 95.026111 0.005066
25 95.030187 95.027295 0.006376
26 95.030187 95.030187 0.0
27 95.030187 95.030117 0.000689
28 95.030187 95.030187 0.0
29 95.030187 95.030187 0.0

These are the parameter for this input: 
 init_mut_rate:5 
 fin_mut_rate:0.001,
 p_mut: 0.1
 num_parents: 8
 p_new: 0.3
 gen best mean std
0 48.013548 3.973689 15.130901
1 75.2699 17.9596 21.114817
2 75.2699 31.913008 15.976322
3 75.2699 42.54928 8.778446
4 75.2699 45.69969 8.394359
5 75.2699 48.31722 8.55288
6 94.876036 53.256662 8.736218
7 94.900134 55.545313 10.003779
8 94.900134 59.474162 11.592935
9 94.931096 65.867537 12.070114
10 94.931096 75.114898 13.803878
11 95.023266 85.28867 11.724053
12 95.023266 92.653518 6.114083
13 95.023266 94.883551 0.055981
14 95.023266 94.918576 0.047033
15 95.030187 94.952428 0.040228
16 95.030187 94.975724 0.030275
17 95.030187 94.991531 0.02146
18 95.030187 94.998723 0.019088
19 95.030187 95.006884 0.014294
20 95.030187 95.009149 0.015802
21 95.030187 95.011352 0.017296
22 95.030187 95.017615 0.010646
23 95.030187 95.021917 0.00756
24 95.030187 95.020914 0.0108
25 95.030187 95.024742 0.007204
26 95.030187 95.025241 0.009122
27 95.030187 95.027511 0.00755
28 95.030187 95.028473 0.00645
29 95.030187 95.030187 0.0

These are the parameter for this input: 
 init_mut_rate:5 
 fin_mut_rate:0.001,
 p_mut: 0.1
 num_parents: 9
 p_new: 0.3
 gen best mean std
0 48.013548 3.891474 14.686695
1 75.2699 15.836724 19.115449
2 75.2699 30.511711 15.983914
3 75.2699 41.052803 9.188699
4 75.2699 45.193842 7.181416
5 75.2699 47.45494 7.437704
6 94.801503 52.325325 9.244066
7 94.852506 55.503491 13.062484
8 94.943754 63.631955 15.536069
9 94.943754 74.799317 15.020591
10 94.943754 85.75112 11.711475
11 94.976119 93.139725 5.281865
12 95.016393 94.872566 0.058419
13 95.016393 94.903471 0.049161
14 95.023266 94.93399 0.038957
15 95.023266 94.955785 0.031707
16 95.030187 94.970876 0.028285
17 95.030187 94.984545 0.024549
18 95.030187 94.996196 0.020471
19 95.030187 95.005131 0.014906
20 95.030187 95.011695 0.012985
21 95.030187 95.015648 0.012294
22 95.030187 95.019731 0.009399
23 95.030187 95.023986 0.007663
24 95.030187 95.027219 0.005341
25 95.030187 95.026903 0.009338
26 95.030187 95.029224 0.004231
27 95.030187 95.030187 0.0
28 95.030187 95.030187 0.0
29 95.030187 95.030187 0.0

These are the parameter for this input: 
 init_mut_rate:5 
 fin_mut_rate:0.001,
 p_mut: 0.1
 num_parents: 10
 p_new: 0.3
 gen best mean std
0 48.013548 5.062917 15.304405
1 75.2699 16.834096 18.739543
2 75.2699 31.137174 15.366763
3 75.2699 41.402669 9.950732
4 75.2699 45.075406 8.73791
5 94.829516 48.902117 11.257879
6 94.882006 53.103586 12.287903
7 94.888012 61.23498 13.726782
8 94.969562 71.094188 14.05411
9 94.98272 82.446915 13.1611
10 94.98272 91.038462 7.645119
11 94.98272 94.860423 0.067203
12 95.023266 94.893255 0.04659
13 95.030187 94.926149 0.039117
14 95.030187 94.951781 0.033107
15 95.030187 94.971924 0.025852
16 95.030187 94.985098 0.019498
17 95.030187 94.994915 0.016501
18 95.030187 95.001747 0.014635
19 95.030187 95.003704 0.018534
20 95.030187 95.013123 0.012639
21 95.030187 95.019195 0.010735
22 95.030187 95.024402 0.007922
23 95.030187 95.026272 0.008389
24 95.030187 95.027653 0.008062
25 95.030187 95.027861 0.008042
26 95.030187 95.026698 0.009594
27 95.030187 95.030187 0.0
28 95.030187 95.030187 0.0
29 95.030187 95.030187 0.0

These are the parameter for this input: 
 init_mut_rate:5 
 fin_mut_rate:0.001,
 p_mut: 0.1
 num_parents: 8
 p_new: 0.1
 gen best mean std
0 48.013548 2.496355 15.149996
1 75.013548 7.801704 20.182334
2 75.013548 13.362853 23.179299
3 75.2699 19.376048 25.314226
4 86.542067 26.49563 27.367904
5 89.333532 33.016349 26.925564
6 89.333532 39.935083 24.986505
7 94.852506 48.139523 22.102284
8 94.852506 55.684948 18.441098
9 94.900134 62.234269 16.745221
10 94.900134 66.968686 16.083954
11 94.918596 71.062262 15.091776
12 94.918596 75.10065 13.818564
13 94.918596 79.051148 12.344121
14 94.918596 82.715372 10.630434
15 94.918596 85.862722 8.881093
16 94.918596 88.207381 7.674262
17 94.918596 90.190329 6.486441
18 94.918596 92.160727 4.242576
19 94.918596 93.315641 2.602285
20 94.918596 93.977279 2.018881
21 94.918596 94.535785 1.302351
22 94.918596 94.889802 0.04445
23 94.918596 94.902937 0.028855
24 94.918596 94.910111 0.021503
25 94.918596 94.91672 0.009699
26 94.918596 94.918596 0.0
27 94.918596 94.918596 0.0
28 94.918596 94.918596 0.0
29 94.918596 94.918596 0.0

These are the parameter for this input: 
 init_mut_rate:5 
 fin_mut_rate:0.001,
 p_mut: 0.1
 num_parents: 8
 p_new: 0.2
 gen best mean std
0 48.013548 3.956808 15.141422
1 57.023649 13.635857 20.589682
2 66.194865 24.390548 21.96558
3 88.448899 35.819173 18.393818
4 94.785064 45.961108 12.842745
5 94.852506 52.770588 12.924482
6 94.852506 59.509435 13.440965
7 94.852506 66.248622 15.104597
8 94.918596 73.195495 13.56654
9 94.918596 79.560052 12.035745
10 94.918596 85.487821 10.471397
11 94.918596 90.134309 7.945157
12 94.918596 94.048628 2.827108
13 94.918596 94.848089 0.053695
14 94.918596 94.86603 0.046031
15 94.918596 94.887471 0.032933
16 94.918596 94.89408 0.031867
17 94.918596 94.90135 0.028959
18 94.918596 94.914568 0.015692
19 94.918596 94.918596 0.0
20 94.918596 94.918596 0.0
21 94.918596 94.918596 0.0
22 94.918596 94.918596 0.0
23 94.918596 94.918596 0.0
24 94.918596 94.918596 0.0
25 94.918596 94.918596 0.0
26 94.918596 94.918596 0.0
27 94.918596 94.918596 0.0
28 94.918596 94.918596 0.0
29 94.918596 94.918596 0.0

These are the parameter for this input: 
 init_mut_rate:5 
 fin_mut_rate:0.001,
 p_mut: 0.1
 num_parents: 8
 p_new: 0.3
 gen best mean std
0 48.013548 3.973689 15.130901
1 75.2699 17.9596 21.114817
2 75.2699 31.913008 15.976322
3 75.2699 42.54928 8.778446
4 75.2699 45.69969 8.394359
5 75.2699 48.31722 8.55288
6 94.876036 53.256662 8.736218
7 94.900134 55.545313 10.003779
8 94.900134 59.474162 11.592935
9 94.931096 65.867537 12.070114
10 94.931096 75.114898 13.803878
11 95.023266 85.28867 11.724053
12 95.023266 92.653518 6.114083
13 95.023266 94.883551 0.055981
14 95.023266 94.918576 0.047033
15 95.030187 94.952428 0.040228
16 95.030187 94.975724 0.030275
17 95.030187 94.991531 0.02146
18 95.030187 94.998723 0.019088
19 95.030187 95.006884 0.014294
20 95.030187 95.009149 0.015802
21 95.030187 95.011352 0.017296
22 95.030187 95.017615 0.010646
23 95.030187 95.021917 0.00756
24 95.030187 95.020914 0.0108
25 95.030187 95.024742 0.007204
26 95.030187 95.025241 0.009122
27 95.030187 95.027511 0.00755
28 95.030187 95.028473 0.00645
29 95.030187 95.030187 0.0

These are the parameter for this input: 
 init_mut_rate:5 
 fin_mut_rate:0.001,
 p_mut: 0.1
 num_parents: 8
 p_new: 0.4
 gen best mean std
0 48.013548 3.977774 15.128274
1 75.2699 16.743168 19.479119
2 75.2699 33.712163 13.524617
3 75.2699 42.999759 7.121533
4 75.2699 46.251233 7.733504
5 75.2699 49.839111 7.552052
6 94.900134 53.695316 10.331073
7 94.900134 54.9067 11.462953
8 94.900134 62.149228 12.281608
9 94.900134 69.790434 13.188549
10 94.943754 74.908018 13.856853
11 94.98272 85.694817 10.878389
12 95.002788 94.377053 2.143781
13 95.023266 94.896344 0.057202
14 95.023266 94.934039 0.044642
15 95.030187 94.965657 0.034498
16 95.030187 94.984561 0.027613
17 95.030187 94.991048 0.026357
18 95.030187 94.997976 0.024825
19 95.030187 95.005425 0.019999
20 95.030187 95.002781 0.028088
21 95.030187 95.008061 0.025458
22 95.030187 95.015591 0.017601
23 95.030187 95.015272 0.022126
24 95.030187 95.017428 0.023505
25 95.030187 95.0221 0.016838
26 95.030187 95.021949 0.016019
27 95.030187 95.026768 0.009735
28 95.030187 95.026019 0.010859
29 95.030187 95.02957 0.003887

These are the parameter for this input: 
 init_mut_rate:5 
 fin_mut_rate:0.001,
 p_mut: 0.1
 num_parents: 8
 p_new: 0.5
 gen best mean std
0 48.013548 3.977934 15.128171
1 75.2699 22.462457 18.629646
2 75.2699 37.623563 10.564995
3 75.2699 40.954149 11.648621
4 75.2699 44.208943 12.081567
5 75.2699 46.388499 12.171103
6 75.2699 49.100274 13.106854
7 94.785064 55.096754 12.099427
8 94.894055 63.338775 12.863518
9 94.918596 69.592659 13.274537
10 94.918596 77.228662 13.214769
11 94.969562 81.311853 13.930416
12 95.016393 84.918314 12.941049
13 95.016393 89.116304 10.603192
14 95.023266 93.422595 4.995988
15 95.023266 94.90924 0.053899
16 95.023266 94.934164 0.052221
17 95.023266 94.961303 0.045534
18 95.023266 94.959247 0.062999
19 95.030187 94.988061 0.037038
20 95.030187 94.99378 0.039828
21 95.030187 95.000056 0.035492
22 95.030187 95.005707 0.030842
23 95.030187 94.99737 0.045328
24 95.030187 95.004048 0.037606
25 95.030187 95.012867 0.029376
26 95.030187 95.008332 0.042777
27 95.030187 95.023555 0.01721
28 95.030187 95.026702 0.010059
29 95.030187 95.026292 0.010501