-3.343082238153467500e+00
-5.006315168151473927e+00
-4.384209102631090281e-03
-1.704498427100504809e+00
6.871298945150021709e-01
-1.932697233204648368e+00
-2.482952409828831364e+00
4.281701220765802951e+00
-2.270990863132113624e+00
7.118498748511441487e-01
-9.432910791516579962e-01
-3.936195587829467879e+00
-3.019458329221549331e-01
3.412244037553295417e+00
-5.463063646120409622e-01
-2.001186705808289723e+00
7.522418096317337266e+00
7.636111472125837185e-01
8.690717378146871619e-01
-2.200588126937412237e-01
3.872469842746441987e-02
2.694235098660709982e-01
-1.171130211917784436e+00
5.406012064000453865e-01
5.810333004733991835e-01
1.560750437746223351e-01
-1.014358156610978945e+00
-1.921274547398311938e+00
-3.503928802388295960e+00
-9.854362310571380679e-01
-3.237049968496896746e+00
2.080388291380308452e+00
-1.484134047083643049e+00
-1.149957989695055804e+00
-3.037235047850981751e+00
-2.150892754610049362e+00
2.597242386097747602e+00
-6.650142374097429254e+00
-1.851636254781389823e+00
4.745048409943198875e-01
-2.671434510592394673e+00
-5.585883709124073171e-01
-2.821475927037238485e+00
-2.475005897351979733e+00
-1.261996870128946124e+00
1.300225177770487406e+01
2.685921308002021668e+00
-2.750428806472418053e-01
8.202113306329369635e+00
5.027703936444217092e+00
7.679686818865157250e+00
9.439010780602774986e+00
3.718646401909539989e+00
-1.713575197332405375e-01
1.183436135344760887e+00
3.810567670831332521e+00
-1.045086765254000483e+01
2.893556778402048280e-01
1.146236492632396464e+00
4.439948150401433757e+00
1.603500175440830011e+00
-9.976677217404302661e-04
2.581608570117158719e-01
-8.608231508673470644e-01
7.467486640786396013e-01
-1.640110124243183282e-02
-4.523093345236587126e+00
1.985890308830038009e+01
-3.427914750644815545e+00
8.565865112728449304e+00
-3.530448587638391977e+00
3.181053817662655714e+00
6.679599362055712142e+00
-2.424552411919064454e+00
1.896136345382127386e+00
3.587907613387008032e-01
4.802626198222003095e-01
4.192411062634410435e+00
2.614542607487575498e-01
-2.368970092011592143e+00
1.237075751236304533e-01
5.511053013799638300e-01
-3.335900177153492407e+00
-1.055218371035724445e+01
7.648520159903423377e+00
7.024211221377870018e+00
4.285602268722153441e-01
2.511212229730806378e+00
7.490058167619881857e+00
9.708429530390384754e-02
2.391674225599976222e-01
-1.272637379855279693e+00
-8.341977867802846669e-01
-6.431614777422536733e+00
-5.209103762941305060e-01
2.377790698709238537e+00
3.349711489299758149e-01
5.017671997451863541e-01
3.170515852467368223e+00
8.202119343731510970e-01
-1.097844344246023507e+00
4.903903881081431160e-01
-4.967929392654765408e+00
-1.320119079424284969e+00
1.127686941899653572e+00
-5.464918837364427517e+00
-6.008291809178959442e-01
-1.528379569389078263e+00
4.165682030447544371e+00
-1.240177928243934247e+00
4.530877740466479509e+00
8.803722015527322142e-01
8.153808032420555019e-02
-3.418862945223303917e+00
-1.232753496271192262e+01
6.126886755394000517e+00
5.868340578214313652e+00
-3.916461611849657132e+00
1.278775438643635809e+01
3.838533817195249886e-02
-1.153185919663696213e-01
2.425413020559535227e+00
-3.392803229496971440e+00
-2.404160444920478978e-01
-1.032641936363043378e+01
-4.908447862137644613e+00
-2.938767584581871706e+00
5.922742551278019629e-01
2.338673811582188122e+00
-1.247961327994895786e+00
8.935836740099654951e-02
3.562747171119072243e-01
1.411212343618401421e+00
3.287560274185792775e+00
3.171643880713189145e-01
1.963301608984452162e+00
-3.182042300233567822e+00
1.642313677381507908e+00
1.708204967345623881e+00
1.339518261295259138e-01
4.380298775297511327e+00
-5.470053694968944669e+00
9.149461093377324605e-01
5.096108314064274891e-01
-1.395231942169917527e+00
3.909515003391606847e+00
-8.444917592193043054e-01
1.387435396550295685e+01
5.155133169943725946e+00
1.714813233269491644e+00
-1.490912272370132907e+00
2.058999286030644527e+00
5.753619777050847262e+00
9.142066213614783443e-01
-8.057025758656465086e+00
1.598233552991304762e+00
-1.097637811709677003e+00
-6.564948430048644923e-01
-7.148652970000868301e-01
-2.663709634752989608e+00
2.093489303245495425e-01
-1.082902913035285763e+01
-1.112693725972675240e+00
-2.613132069697400084e+00
-4.545218354936435112e+00
2.916380909739182958e-03
5.765133588924450381e-01
-3.860846682356788406e+00
-1.163820153839902449e+00
-6.976354385388705559e-01
-1.272849525121317604e-01
-8.260501796567707444e+00
1.607528733937859666e-01
-1.833029763976967708e+00
-1.409857990333628663e+01
-2.280539505265890554e+00
1.395664525663820044e+00
-1.561829153482130694e+00
-2.397917243709891899e+00
7.448836842648581813e-01
1.050895996793499432e+00
-8.947441417112399265e+00
-2.852425343441404859e+00
-1.449375683099862311e+00
-4.661839718323600223e+00
6.333092928108030595e-01
-4.372377946904884460e+00
1.289158292487265989e+00
1.991608787634790101e+00
-6.489067196269790117e+00
-9.055667304294555464e+00
1.205473156639412569e+00
-1.947543011476457364e+00
1.027496097701231070e+00
3.807802869273225199e-01
1.229772415814269948e+01
9.954662009166617143e-01
-1.871177494560476662e+00
4.161479349672976280e-01
-1.511359005706250613e+01
-3.332126019941953565e+00
8.466887205409774353e-01
4.794540150435487647e+00
-9.056823150130857703e-02
6.154410074622721716e+00
4.569376339264769271e+00
-3.022041872434962251e+00
-6.556065824426785760e+00
3.364545801406354730e+00
5.436925834711585637e+00
-4.520724300269073126e+00
-8.705866044374793944e+00
-4.861134428527918772e+00
5.614913082645307085e+00
4.972540643830720697e+00
-1.817932135553560613e+01
-1.109658654546743950e+00
1.934330021316186787e+01
-7.084541841811587304e+00
-7.122921306485991089e+00
2.418455047824866089e+00
-7.608767612704986361e-01
1.314997234266229997e-01
4.492148373721206456e-01
-1.025666866755344131e+01
1.595739308237997145e+00
-3.667864953514901605e-02
2.056209578826865503e+00
-6.968289059504935434e-02
1.930360517637227602e+00
-3.241271378948470172e+00
1.643203220986141133e+01
6.076210225302991930e+00
-1.624934780139958290e+00
-3.261952491528908205e+00
-1.113488876241402359e+00
-7.900493665512864361e+00
3.405167191666714110e+00
2.863785739247048934e+00
3.079794208328540783e+00
2.760759524358126438e+00
-1.049477086182801955e+01
1.056727287719454678e+00
2.363963931268442842e+00
-8.011590123557880139e-01
1.623001412138181276e+00
5.778580259433848454e+00
1.566162797475769697e+00
-2.298444323659905475e+00
6.540996271746934987e-01
-2.654600978930190092e+00
1.242637426878345774e+00
-2.771021916272454089e+00
2.872619365314830198e+00
-1.590423770078813748e+00
-7.341623186594016026e+00
3.452722717657296769e+00
-2.250995436005996719e+00
2.162129308385299264e+00
-3.883621541661693488e+00
2.680283580020856871e+00
2.168587670070813711e-01
1.257580689398247076e+00
1.917400959041137831e-03
-1.907121142481973841e+00
