7.562511869021235178e+00
1.190251850870212236e+00
1.960636639684278371e-01
-3.937641509609590251e+00
9.608890178952764760e-01
3.023599945095250874e+00
3.451396996521477245e+00
-2.912231476930873253e+00
1.190759954436881207e+00
-6.655907295870642670e+00
-5.658802909096354306e-01
-8.381857459269432820e-01
-1.065311307806964924e+00
-3.223372618823406199e+00
2.695063903570892982e+00
8.485256239836720393e-01
9.390457466287007726e-01
-3.921091694084929413e-01
6.701685731979342142e-01
6.832490536256524694e-01
6.958033698924050992e-01
-1.729556822557692941e+00
1.226027710623152078e+00
-1.765043957435641353e+00
-1.615997765481197224e+00
-1.313219682135826005e+01
6.517464897324836137e-01
1.414044722693957423e+00
-2.770082203861354841e+00
2.963286440859426829e+00
1.227378332162954777e+00
-2.273249382212117808e+00
2.392279341100720380e+00
4.748448396859842546e+00
1.438224232821895820e-01
-1.167748752214533114e+00
2.208164903685053415e-01
2.397590550034896795e-01
4.530634142592509406e+00
-9.018962674626634923e-01
-3.951886410505062397e+00
3.788868082483312971e+00
1.060295820026517649e-01
1.645195260488750311e+00
4.146329469140795254e+00
-2.811640313909241073e-01
7.713199517909695047e+00
-2.149222907616907818e+00
2.519412107789649191e+00
6.795997352802032765e+00
1.070233045401897698e+01
-1.552465149186634141e+00
-3.436059920839545700e+00
3.567096463437926968e+00
1.242556179796599736e+01
-1.597713454375349063e-01
-2.050607091181576358e+00
-4.250552942215191088e+00
5.757063425069657292e-01
1.098166565690920038e+01
7.793267579003098078e-01
6.143628390406966844e+00
6.290959592159542924e-01
-6.028308518417038186e+00
2.601650873541621500e+00
-2.015261675245489492e+00
1.184878990532503451e+01
1.446255205658948662e-01
-4.752952241942884903e-01
-9.977168649202427630e+00
-8.379781461866370185e-01
-5.791806511532056945e+00
-7.695347253899283757e+00
-1.646966663480396997e+00
3.628634654516238456e+00
-5.960027257292169089e+00
2.648164844982370703e+00
-4.249500605530852071e-01
6.766102979044955390e+00
7.500738004190021790e-01
4.362162296163739073e-01
-4.240099802892003944e-01
-2.134399840039125973e+00
-2.055853910732266865e+00
1.536879025763828732e+00
3.274683917003342160e+00
-4.758952752049074419e+00
-3.432146403689449343e+00
-3.454238925309015329e+00
-3.823030727500817516e+00
5.055888055137804926e+00
-1.673345378205390588e-01
4.554386751861931870e+00
-9.307763470627122615e+00
-2.930216193746505660e+00
1.904083198199764793e+00
-3.752637712838297723e+00
1.226409992355005141e+00
7.317110114427336498e+00
-1.485112839306178101e+00
2.102695152189303585e+00
2.993385934203475429e+00
8.458421300964978684e+00
-2.174093948244077090e+00
-1.097504274460833873e+00
-2.841672491180791127e+00
4.712993363635050947e+00
-9.851265848933980607e+00
7.039507151305307353e+00
2.602714614237652269e-01
2.110655589329297754e+01
2.593023841306737154e+01
6.829550355462306044e+00
-5.166764547539676872e-02
7.789680766844642612e+00
-1.973126241951907112e+00
8.883370863856651312e+00
4.036032196885670054e+00
-3.347295030164736396e-01
1.013243354693031506e+00
-2.961105833341916238e+00
8.633660272273881997e-01
-2.433692716460422290e+00
4.305146138956264523e-01
6.473294460479603885e+00
6.278795306624149752e+00
-1.203932901409181078e+00
8.252996899292785571e+00
4.801877656048890719e-01
2.473542935504502438e+00
2.478456345349109025e-01
-2.795368305275233389e+00
-3.638445771701118492e+00
-8.877510971097187786e-01
1.319493963802277126e+00
9.894438460889753983e+00
-5.568687929379569912e-01
-5.526078980995903223e-01
3.563153357107350594e+00
7.473510476595104923e-02
-1.117422462455876619e+00
2.186432265127677965e+00
3.259132047181544145e+00
-9.962782404968439920e-01
-3.932986962384306562e+00
-3.394746337043668127e+00
-9.317869395610065553e-01
2.001138508172619179e+00
-7.580303863621367100e+00
-1.168895205096230461e+00
-1.806938388375852256e+01
-6.635457585444692441e+00
-1.883704535551957437e-01
4.674279367206091607e+00
-1.107136349834449307e+00
1.045670922782159096e+01
7.959814630626318888e+00
6.731287457756758297e-01
-6.017729488283383610e+00
-1.536434134812020291e+00
-8.721868218353083790e+00
-1.989912863510771901e+00
7.661014729345673402e+00
-2.183070656050341007e+00
3.340852590946935763e+00
2.502128940968378346e-01
3.311212158109614473e-02
-2.154533511869299200e+00
-3.997231663060949014e+00
1.104749274574387430e+00
3.799944431923159449e+00
-1.676437696829086388e+00
8.589176352049022967e+00
-3.420421102070526076e-01
2.077904820861166790e+00
-1.576242792210441390e+00
-9.489941222844751056e-01
-7.624184338336370104e+00
2.955189762430582068e+00
-2.749236042604707553e+00
8.880043524022981916e-02
6.334225919562074480e+00
1.077439705902115907e+00
-1.882644987835870642e+00
5.482416870613906479e-01
9.184712428564484554e+00
9.975894514511337574e-01
1.566522364379270504e+00
-1.876484648235347219e+00
-5.352881717903180459e+00
4.906476143123692069e+00
-6.870455924341973830e-01
9.838690322465136973e+00
-1.753894004468892209e+00
8.481224584355488982e-01
-1.738819938155289790e+00
-2.137523115422220066e+00
1.175547001442854844e+00
-6.526395626708939024e-02
7.404188472406918187e-02
3.331955122724627572e+00
2.024603042575887635e+00
-1.481252304504871553e+00
-1.667302705238760785e+00
-6.702005888377557952e+00
5.109019824446172642e+00
8.162716045854678804e-01
1.824584719152910317e+00
-3.389108946968117486e+00
8.064657865283560767e+00
-1.600274784849413878e+00
3.951344102628248756e+00
2.877696436243161848e+00
-1.811689256213805166e+00
-5.916067926130590848e+00
-2.432078635911044451e+00
2.652478918206191416e-01
4.917015505331466585e+00
3.732126189841906694e-01
3.117509800943453868e+00
2.634848779896404203e+00
7.350339562488212852e-01
5.093636076121871525e+00
7.685293361243673571e-01
4.008593675844698723e+00
3.390179054613563503e-01
-1.155789021166752129e+01
1.153979058135098157e+01
1.662728538091334141e+00
-1.482404646392648795e-02
1.478251812328943426e+00
-4.762330664509401568e-01
1.388335690070372941e+01
9.993918924016414351e+00
1.920188319928230669e+01
2.595100726668576829e+00
-6.364419442961113393e-01
9.918021437134857621e+00
1.109389071978692876e+01
5.781197313429901286e+00
-1.199245632744533729e+01
1.482161976794218239e+00
-1.991406706008564065e+00
-8.462131399258067052e-03
-1.096674280640566490e+00
2.799774754778184827e-01
-4.402503044310084768e+00
-2.547861603605871217e+00
-8.980773542916211660e-01
1.386381071519900310e+00
-2.045869968905550706e+01
-1.178863465812922673e+00
-3.301679764451955768e-01
9.372624881537948704e-01
-9.660977775007458801e-01
2.568421513722019434e+00
-5.604772154254598071e-01
-6.767845579059664551e+00
8.734963943424836064e-01
-1.654901725520844735e+01
-1.332056101422384842e+01
-4.508581527110328557e-01
4.611711266363913708e-01
-5.592147321189351317e-01
-5.569692910506970351e-01
