2.979727133303132547e+00
2.023956971733468890e+00
3.532542288595397206e+00
-1.755235643003529855e+00
5.677584513729418136e-02
3.879988389446427988e+00
7.423565830917722153e-01
-3.605866700161965421e-01
4.597977249050357873e-01
-7.715095595823938668e-01
8.391763265848107833e-01
-3.694870022079652205e+00
-1.325204654435965068e+01
2.801211273657304712e+00
-8.591474419848504240e+00
6.458758156987698840e+00
-1.497008927807467860e+00
-1.181990737562931937e+00
2.396568111240075627e+00
-2.367596535489445486e+00
-1.590327923740172955e-01
-5.220070754673690416e+00
-9.349680385942946259e+00
-5.145955158626876802e+00
4.685452957643344796e+00
9.721345083741031456e-02
-1.677057665920642648e+00
-5.014540865838744921e+00
-5.530784346988943057e+00
3.073033222836344613e+00
5.073676213292511505e+00
-1.140720577076589359e+00
-3.010902118139580086e+00
-1.955101456520465852e+00
-1.862983092792138917e+00
7.400115253811088145e-01
-1.657178191950771318e+00
3.356981330946378073e+00
-1.861200427209271258e+00
6.969521442752970586e-01
4.684107542919504041e+00
1.858877227035530488e+00
1.800134186231367783e+00
1.118386401981531941e+00
-7.155740930677471745e+00
-2.082212375292340045e+00
-2.093683613455834092e+00
-6.546641989915776172e+00
1.410971705725028613e+00
-8.243489472245073557e+00
2.468190461867027174e+00
-2.139202560252257898e-02
8.840405900595520450e+00
1.379085799652650213e+00
1.044594390948370588e+01
6.804779625762544804e-01
-1.129378611191298010e+00
-9.675985233553859866e-01
-5.698708984752875573e+00
-4.138600406166168533e+00
-1.384906366790962462e+00
-1.044401565632232076e+00
-1.870834654031601652e+00
7.605863247844101060e+00
-7.394782632773619357e-02
5.548225271417415172e-01
3.854904915812907173e+00
-1.587149190608621119e+01
1.355806942126830617e+00
4.006928656261051769e-01
1.878921132647564463e+01
2.368404389025966061e+00
3.390627600514171114e+00
2.057099694253894384e+00
1.287257403156357172e-01
3.747537262523660928e+00
5.501900738405235636e+00
3.986541871348791233e+00
2.275356841435827615e+00
-2.840281633407049977e+00
-6.506206049921717138e+00
2.301821239482122472e+00
8.021025285945475147e+00
1.956551657026027180e-01
-4.851935742643464167e+00
4.076869296054660197e+00
2.896327557196511471e+00
8.983343761942208516e+00
-3.137517853397135070e+00
7.196515471295779065e-01
-4.940940879121800577e+00
-1.912364446357794678e+00
6.685959195777533282e-01
-1.021151470235697190e+00
-1.224115516252956226e+01
-3.108292486244774278e+00
-2.442837455249960321e+00
-1.387068772488640578e+00
1.284829796469755703e+00
1.272259782299050901e+00
-1.611590134201009494e+00
5.358240853959589378e-02
-1.101741546534965144e+00
-9.523177411970795703e+00
9.494173434460972061e+00
2.557183824684840179e+00
-2.432005216803402939e-02
5.565403938191144650e-01
-4.182428728461418999e+00
3.996245972584251405e+00
4.676040572996592815e+00
1.354718818283387360e+00
-6.060484220099185970e-01
2.042552536262096929e-01
3.334601255644205064e-01
4.283216960140499907e+00
3.601776009182210969e-01
4.020154087873364368e+00
-6.197976247649380710e+00
-1.182693798904783655e+00
-8.786451553091886524e+00
1.502030423822963456e+01
-7.389235743652895927e+00
3.182011937505843102e-01
-2.958032272273992458e+00
-2.421073236853818589e+00
-1.404660279756288155e+01
-2.193059024346103225e+00
-7.080022162384668860e+00
-2.311984398712290556e+00
1.385807858126491821e-01
-2.312075064850831474e+00
2.910559122286521028e+00
-4.787823291701732487e+00
-6.279360526987531887e-01
6.223095573801852076e+00
-2.051260178071500739e+00
-1.459977929376928385e+00
2.093970476556442417e+00
2.871363203804997433e+00
-6.800670681121351313e-01
-5.863961951250622917e+00
2.849817788062364299e-01
1.035171033137147756e+00
-1.978307089606258895e+00
-3.859502651624175051e+00
-5.150644859168786560e+00
-2.150703740842183909e-01
-7.177996252554414092e+00
-1.067524064487926472e+00
-1.865313556848185339e+00
4.971970824822863122e+00
-4.777515323344363019e+00
-1.004920740843517457e+01
-1.263006413756862401e+00
-1.059926607615669703e+01
5.793922981653813753e-02
-5.344247512387088062e-01
5.113848003866042768e-01
-5.985409313549492349e-01
-1.880327909993759483e-01
1.699589127888771811e+00
2.246980937606569473e+00
7.375185774153547591e-01
1.354732765121849880e+01
-6.360314251555836407e-01
-4.153183490957218282e+00
-2.945199689244388797e+00
-7.244915671249899103e-02
-1.995872404575698145e+00
5.793104235976553440e+00
-2.733533173438469355e+00
-3.068460436540880187e-01
-5.540161219167053508e-01
5.427444452322685464e+00
-7.107850712516405878e+00
-5.133440613505612093e-01
-1.623905558098226010e+01
3.392381897020016801e+00
-3.154721125451582231e-01
4.413384976833425455e+00
1.610835145792343381e-01
-2.614419620974169245e+00
1.492540002927435827e+00
7.233059904595373624e-02
-1.023569422215795610e+00
2.913604872896124465e-01
-7.259037296598894073e+00
-2.322462683175780640e+00
-6.904737572302718229e-01
-5.407311135364139432e+00
-2.112348809658722182e+00
-1.321067385762725443e+01
1.147498796103224983e+01
-3.668213961451665117e+00
-2.474597185862708326e-01
2.214026516774664222e-02
1.840257822747864536e+00
3.632896632788030544e+00
-2.796516516389746076e+00
-9.976323175571929269e+00
6.012234103664486184e+00
5.382581727503306546e+00
3.433379565794551169e+00
-1.715830371118524766e+00
-2.992623419610742186e+00
5.097663637072080700e-01
-8.548600710245851886e+00
2.862744586539711200e+00
6.247836812551263996e-01
-2.385401742231822553e+00
-8.395112584129075239e-01
5.983585817206292568e+00
2.714607415095861231e+00
-7.111622239668591305e-01
-5.851295033615345753e-01
2.765328927504960288e-01
6.964701812033103900e-01
7.563627356507530708e-01
-3.484534029671883193e+00
-2.455062658540013043e+00
-2.856324507512818300e+00
4.182405998376027334e+00
-5.621099426119621212e-01
2.107856599074582338e+00
-1.009308450172782834e+01
-5.885648534881021909e+00
-7.029817417984943750e-01
-4.370220860908665905e+00
-3.424426236423816494e+00
1.972750718889247024e+00
-9.046521964147541395e-01
-6.839761570804920865e+00
6.278693432972437538e-01
9.688717491595427944e+00
-9.528631908292918951e+00
-1.051325995104195332e+00
2.595300648983359437e+00
1.751172154934877989e-01
2.917150096770187773e+00
4.466547660331844360e-01
-1.059262271993134874e+01
-6.369455006523654372e-01
3.154324093456748912e+00
3.971572934592362270e-01
-3.526485698926448142e-01
-1.209622604632512033e+00
5.406921684210251655e+00
-3.509684951606518055e+00
8.054995271033460469e+00
-1.537677840992303979e+00
1.733083751233861713e+00
-2.647897639838142414e+00
-9.957226357669876071e-01
-1.086465295830240985e+00
-4.606934227532670789e+00
1.419244463877868156e+01
-1.034438619559054295e+01
7.408722053840158139e+00
5.406601210568745541e-01
-5.529128767341735085e+00
8.446301771766364652e+00
1.249211252682391304e+01
2.745709758527000721e-01
4.492741723492325256e+00
