-7.757728333443200675e-02
-2.108164021714718395e+00
4.207690333382704040e+00
-2.229557110213696625e+00
4.244141294081005267e-01
1.173601786747483278e+00
-9.801539373086213258e-01
3.465837536566938937e+00
-4.490563817741075603e-01
-8.823748247319951332e+00
3.827226943352263433e+00
8.573322797703695208e-01
6.009530064212413869e+00
-1.982667190889576325e+00
1.822627805716282801e+00
-2.037518281607549664e+00
1.534366511465633520e-01
-5.530018512866067937e+00
2.622893400744982895e+00
8.174263582213440182e-01
5.098264942169958402e+00
-2.960346688574689300e-01
6.293891895502361500e-01
-2.377915222416446817e-01
-2.052200003598139588e+00
9.354879644328238930e-01
1.867878526069088885e+00
-4.891886387724592389e+00
-7.173415583279152408e-01
3.647017553498282272e+00
-1.330568369481547997e+00
1.015251988709993114e+00
2.163442619059159355e+00
-1.802161373133305489e+00
1.769570442702488755e+00
-2.756901110357841578e+00
3.682646407558115786e+00
9.777116251583511941e-02
-2.110388568462060910e+00
3.115227332259630444e+00
-2.584222280764779445e+00
-4.620958681272624879e+00
1.188535638979194120e+00
1.571304197576385508e+00
9.117305425232329341e-01
-1.855173731668495529e+00
8.332589248193864595e-01
2.782154942497684580e+00
2.123926505935623599e+00
6.529512155461056011e+00
3.503524317262903587e+00
3.329972755007357232e+00
2.425920553009875746e+00
6.236182265756919030e+00
-8.432474322440290937e-01
1.033937080237215422e+00
-6.580137891589983301e-01
-1.073040666117060837e+00
-6.852516469119945830e-01
4.889999463659113310e+00
-1.499759873822945400e+00
2.148452339729645999e+00
-6.099440219808649477e-01
-5.338369100322061023e+00
-9.742672047731139040e-01
1.845774899390363988e+00
7.928098322980028811e+00
-1.588719722957776082e+00
-4.416299251128366521e+00
-2.457105305174403231e-01
-2.761319395979379809e+00
4.927522265185967143e+00
6.264702810305285974e-01
1.804646945947324665e+00
-2.468131298824375874e-01
5.749234518160186713e-01
-9.658189101025992374e-01
4.879623139451081393e+00
-8.994075175346888384e-02
4.691804259512535324e+00
2.377874715099950187e+00
4.807579689461694006e-02
-3.958027502545443443e+00
-1.486424153491189282e-01
1.067341515096421833e+00
-3.334513273507300646e+00
-8.374263052017536513e-01
-1.497170569133822182e+00
1.394167086788957954e+00
4.549789840788346140e+00
-3.851325190535062060e+00
1.305826961585030643e+00
-1.276023915527729313e+00
2.021244672576514745e+00
3.933208111268681195e-01
8.753488002096487808e-01
5.694841159803114561e-01
6.148640272296985732e-01
-2.187622251252818284e+00
-4.127068803177713185e+00
4.806926086627497874e+00
-2.382668598369763302e+00
4.319760204050738572e+00
-5.375336137067306952e-01
3.694894463365652637e+00
-1.344951603845990107e+00
-1.486019417070666648e+00
1.107592884771134989e-01
1.880517277297677758e-01
-5.263524327321148277e+00
-1.441429679729251179e+00
1.008519099694760612e+00
-9.238549358946055889e+00
7.326613842566779056e+00
1.261394198848201498e+01
9.151969495093741358e-01
-1.088072204957942546e+01
3.838976257142617143e+00
1.112272967231467735e+00
1.526584179225546567e+00
-8.438527525234058857e-02
6.463577928212949075e-01
-8.685431493297082195e-01
-3.609454057397006643e+00
-1.655721588104888564e+00
-3.899125464853829381e+00
-6.092161169446068669e+00
1.605011112812638530e+00
5.934572480545469375e+00
6.098260378608117982e-01
8.864023218324222242e+00
-8.590718722923481820e+00
1.737742084923140418e+00
-4.825967298160455665e-01
-6.442832792341826043e+00
-7.877575288286847721e-01
3.220635620257620513e+00
-5.113312551299853403e-01
-2.078061972875929087e+00
-6.405872006954586029e-01
-3.645942432916622344e+00
2.257461013847720466e+00
-3.784714609021961884e+00
3.520163085750762200e+00
-5.691220656178922255e+00
-8.864981318175053637e-01
3.586918845101079167e-01
-7.282722394366158980e+00
7.677430897641865370e-02
7.581658585393913796e+00
-9.272697009144030833e-01
-5.061488051759574169e+00
-3.472876487224427322e+00
5.026182725268555807e+00
7.766919972736537892e-01
-3.612740013195921751e+00
-5.115780124887971958e+00
2.139698956122836560e+00
3.579178700828332005e+00
-4.757051975518243325e-01
-2.466518213563137607e+00
-6.052902333826643000e-01
-6.328859543794544962e-01
9.623178329484798343e-01
1.846582464118215361e+00
-4.932147801315898583e+00
-7.939333908717318700e-01
-1.670395663431250233e+00
1.702421729752669588e+00
-3.970470220772983616e-01
-1.074335337413991232e+00
2.953604331789494886e+00
-2.810188220743589094e-01
9.507962065546287089e-01
-2.910649070780523040e+00
7.254729087623001949e-01
4.927994503020267092e-01
-7.407603540360763184e-01
1.752985363454722556e+00
-5.622905971645643097e-01
1.767332871386637194e+00
-3.329110207748664951e+00
6.341032602222949066e+00
1.174884073369288373e+01
-1.957449155806550323e+00
-1.817074339236009584e+00
5.566970007347258331e+00
1.087683344714738265e+00
2.561661044901313744e+00
-3.561899449352845970e+00
8.056393178072077887e+00
-3.422100116023296223e+00
-4.821321022880765916e+00
-3.039482511029524825e-01
-1.600528528049824040e+00
-2.958870626110631646e-02
-1.256512099460186160e+00
3.390625298787624864e+00
-6.885592422973462190e-01
-3.033567812019615229e-01
5.586843189925834174e+00
-7.489979674860405279e-01
-1.651879985408224671e+00
-1.186840349981741927e+00
-1.539342703365083331e-01
-3.471831465505509140e+00
5.627648535899916205e+00
4.369538496556634732e-01
4.859149408683898663e+00
6.355934696681002638e-01
-1.747621962771805926e+01
-1.964200865137553764e+00
-9.390864810021755105e-01
-1.261110790713390717e+00
-5.242586852456021518e+00
-1.468378568667198403e+00
-1.005010867384782891e+01
4.738688107664045468e+00
2.785269791036590892e+00
3.623610273446030705e-01
2.041413483605420964e+00
9.246773413574942424e+00
-4.479900393668524217e+00
3.735950116817594147e+00
1.200172503321211837e+00
-1.385080016552495685e-01
-1.071295826580824873e+01
-5.844795017130149928e-01
8.415861987489082097e+00
-1.019498806865334117e+01
5.395342691163877547e+00
-4.760865419411559607e+00
-3.772684894207800621e+00
-2.804110414910700122e+00
-7.647218670125903728e-01
2.407162812896223691e+00
2.006215667874068131e+00
7.314558040191004196e+00
-8.899150079046033723e-02
1.702427658836161428e-01
8.844059010976492718e-01
-9.364335343425977953e-01
1.175764811146020783e+01
-3.209082301686381200e+00
1.165540944136417778e+01
-2.487304019608362338e-01
-6.465245895413513910e-01
-4.101443515788072425e+00
-5.765675623551262952e-01
-6.168064281516041358e-01
-7.516884384276968645e-02
-1.075582898622023542e+01
2.235732626586726668e-01
7.963008690850294613e+00
7.915434429754982126e+00
-2.041962721967784389e-01
-6.132616963865007875e+00
1.555441403104649734e+00
2.270184334138069637e+00
2.760160106996806029e+00
6.384147187898722819e+00
-3.306189671721332957e+01
1.455519728676251923e+01
2.840149257398232874e-01
2.513800072411581876e+00
