5.370409809108066534e-01
-1.161635048523101288e+00
2.152166714193220476e-01
-1.380143350003901981e+00
5.049379907872467044e+00
3.201733608350396665e-01
-1.999796515868241809e-01
-4.225299267493380029e+00
-5.056815577876903944e+00
2.479193740020085635e+00
-2.523995312426936088e+00
1.669667523845647317e+00
6.189886617290284221e+00
-9.302515499693622125e-01
-2.446093345552066367e+00
1.062829197618215815e+00
1.270247084676545013e+00
1.713896685192709546e+00
3.470072682264398356e+00
-3.448956496898602619e+00
4.998910412013625182e-01
-5.359630380681116080e+00
4.051075590115937319e-01
9.957772561933417310e-02
-2.380576248477972889e+00
6.852770312035454392e-01
2.735976495345834869e-01
-6.127623164377198339e-01
-2.004326678709215770e+00
-3.129869119724985715e+00
-2.921027157290657872e+00
3.249673656428161195e+00
-7.934593392863347194e-01
-1.012645708670720346e+00
-1.160155517196052172e-01
-1.210755641526614301e+00
-3.632639208497744576e+00
7.401790260092733220e-01
-5.002611307547692121e+00
7.726108059249602533e+00
2.439956870138806799e+00
4.589013807472953843e+00
-6.391980055465319666e+00
2.156838430330603629e+00
1.490952124976165027e+00
-1.197293378334184144e+00
7.282099831588020877e-02
-4.284432544818065125e+00
-6.565808662150146580e-01
-3.692059811812423931e+00
-2.905598665205193498e+00
-1.492809106671339148e+00
5.594567592227807751e+00
2.366580013796296456e+00
-3.895292531648176571e+00
5.919796186340565924e+00
3.025684879973891128e+00
1.769507781888142450e-01
3.079934581570851648e+00
-8.739678691539746191e-01
-2.315429231584752667e+00
-1.552560337681712976e+00
-2.344745834990075828e+00
5.948420184948126632e-01
-2.445112626698231928e+00
2.287697414873142709e-01
-5.420490827968883707e+00
1.116031310767476636e+00
-2.448971913574512271e+00
-3.020178412624993758e+00
2.844336456731513252e+00
-7.446030696108114633e+00
7.922671591448263939e+00
-7.115324971896116679e+00
-2.390084578256570946e+00
2.005904639674061851e+00
1.825043882431589282e+01
4.725840832086117160e+00
3.231688153432957789e-01
-1.491491284070843304e-01
3.178063815501245948e+00
-1.238720732483729137e+01
-6.231282207821003283e+00
1.957225879089122245e+01
-6.644876486359093670e-01
-2.301356049059770648e+00
1.352573221160696093e+01
1.426647458094851473e+01
-5.137849062218896812e+00
-7.147143716878354702e-01
2.955365755752145773e+00
-3.075440997961530698e+00
-3.183726199287048031e-01
2.433087850172295674e+00
9.624869015904444769e-01
-4.895101021366409233e-01
7.209174600608496686e-01
-2.212441541707813819e+00
-8.967852560660773520e+00
4.232096376670813065e+00
-1.614115949831359309e+00
1.115173822567271600e+00
-7.418279490380947916e-01
-9.195451048539380334e-01
-1.179479033980523006e+01
-4.559785894718586086e+00
-1.490297879011447169e+00
4.095995331554867391e+00
2.939534813116800871e-01
3.463485510274533219e-02
1.154080441098862231e+01
-1.799638644141732247e+00
-1.507324666003271307e+00
-5.751626746975070148e+00
3.509980113174391292e-01
-4.447476525883342191e+00
-8.518755681042811112e-02
1.218703364286893187e+00
1.522495857657265717e+01
2.212814228866913702e+00
3.430064238355815531e-01
-6.165699604259274658e+00
-4.580358896658663248e+00
7.376959237362585853e+00
7.903431769986149824e+00
-5.882662654372630584e+00
4.938808911464516727e-01
7.900952671617702538e-01
-1.476701758206764026e-01
2.268447788594779801e+00
-5.689007607555893742e+00
-5.218708996886144841e-02
-4.444791277807034646e+00
-2.534235795009618375e+00
8.304755264838185269e+00
2.014822037150396650e+00
-7.361087759080533033e+00
-1.541204912198115728e+00
1.566769191055880084e+00
-2.575261935217517362e+01
-4.369008196408716294e-01
6.739017548297081550e-01
-9.744568728817033509e-01
7.127956047622482139e+00
-1.374774836102447395e+01
2.845744395176244446e+00
-3.196726831651676148e-01
1.512812363421972117e+00
-4.119587321156184423e+00
-7.531213293056625568e-01
-5.851270149778660112e-01
-9.571669803056335191e-01
-4.120021946952044933e-01
-2.860483020754570394e+00
-7.487488356214571095e-01
-1.999840859634431089e-01
8.381055793202639492e+00
-4.774546802313595073e-05
6.229331354634654261e+00
-2.161810055832265598e-01
2.964797939494467460e+00
3.417332110674586865e-01
1.763193303189650951e+00
7.780078404043418772e+00
-2.069468535598216474e-01
-5.479339637474209823e-01
-8.533823290859020361e+00
-3.490213765859110362e-01
1.531012866838231457e+00
8.931740713061433468e+00
-7.373344084111163044e-01
3.237085463133950736e-01
2.559748181900275643e+00
4.851823969599050379e+00
4.878473746592946192e-01
3.535004482682548299e-01
-1.163258409567416862e+01
3.355327598917684284e+00
2.230567314730746098e+00
-2.466248357059060314e+00
-3.356805059819438775e+00
2.608622715610612985e+00
-2.072253126623990749e+00
-8.055120586556960838e-01
4.475017516604084200e+00
4.780138044487579618e-01
-1.004747683406434611e+00
-1.951060899051525510e+01
-7.366601834615027933e+00
-2.845363592856404722e+00
-1.490206535893648265e+00
-1.407686017676417767e-01
2.161798717103721046e+01
-1.404217998186257255e+00
-1.186881234806734381e-01
-8.772616491429146013e-01
1.412496868653106752e+00
-4.979431880416189671e+00
5.264450166826794009e-01
1.749148370953052734e+01
-9.615648108170716801e-01
-8.809563702152811260e+00
3.724386042472941916e-01
9.842312769064829325e+00
9.096914948228473463e+00
-9.430757569687468589e+00
7.038765982611916883e+00
-1.255162546565874848e+01
-2.803090703523642979e+00
7.512160501510831701e-01
-1.746343377519218976e+01
7.985657736585346500e-01
2.885450954227290477e-01
1.964637606265524195e+00
2.376202960230231032e+00
-5.910846537522468580e+00
4.775059202641503409e-01
7.039318286659618451e+00
2.447762449447881128e+00
-7.393753815524769735e+00
2.292141423114567367e+00
3.801632842670169321e+00
9.964317558414853337e+00
3.400484485362596843e+00
1.647142627164806683e+01
1.200414836725684609e+00
8.928898876433606357e-01
2.493042560335492208e+00
-5.638364036924732758e+00
-2.581324745725162989e-02
-5.121856796747691121e+00
-4.200162981779515525e-01
-4.783614408749533586e-01
1.417293193871583057e+01
-3.097722662359266854e-01
-3.059422455724813528e+00
-7.972351317315807151e+00
3.168185794220612639e+00
4.133544869142687261e+00
-9.272982047733987487e-01
9.643913906554868021e+00
7.979889749064966731e-02
-2.610778493100801789e+00
1.260392805143920159e+00
4.840490845326410052e-01
-1.078391873710380366e+00
-5.187520751874783898e+00
7.290135361660960989e-01
-1.155184937190028238e+00
-1.406259924622218216e-01
1.890251238847669413e+01
6.304128296011432653e+00
-8.804851528926182169e+00
-5.139504918826792029e-02
-6.634505818056696258e-01
-1.428321257535042355e-02
-3.473304165958580825e+00
-2.856972176146258313e+00
1.143475836562319881e-01
2.159865290101232738e+00
-1.133345250484011579e+01
-1.072340252901485824e+00
-4.190675675221792185e-01
4.711099133248162651e+00
-5.543592102790415588e-01
