2.126622387992004592e-01
-4.265249658080007222e+00
-7.812865833539273108e-01
2.496235352886500003e+00
-5.152058727928068294e+00
7.794867368738146729e-02
2.255137697929503027e+00
-6.754018654519450493e+00
3.262051577660519008e+00
4.588935707459386171e-01
-4.820306500921840986e-01
-3.340431353796198266e+00
-8.704402113875431723e+00
-3.772038615557867125e+00
5.039316225653623249e+00
1.069807932762852865e+01
2.422813495855382193e+00
-4.702894423122593537e+00
-1.928678547809273613e+00
-3.635321088343303142e+00
2.036364337162876570e+00
-7.197791631235693766e-01
-1.267249076497327431e+00
-3.547872563999598050e+00
5.844825909471270009e+00
-1.058136180796455328e+00
-1.517105504978052855e+00
-1.299594408739963791e+00
-1.221763499610392145e+01
2.212940806181506570e+00
2.099702468278080936e+00
4.298256012506186607e+00
-2.795415390470580227e-02
-8.425032355511522297e+00
-3.084745404077383846e+00
-3.281207051290129684e+00
4.355441716996216961e+00
-3.352906482281940548e+00
-2.062510740966730649e-01
6.409144226544405409e-01
1.115426630406275166e+01
-3.012853353852266644e-02
-7.550574600063474584e+00
7.234622883983437003e-01
-3.029999177389275822e+00
-4.333358984757754051e+00
1.753641037775325762e+00
-2.162437664933217096e+00
-3.427741245050477947e-01
6.904618062038134774e-01
-2.454861943179557304e+00
-1.827278959174119644e+00
-1.240960221352330084e+00
-3.399680523941380539e+00
3.512867404935316351e+00
4.612634655030148245e+00
3.715645619656592125e+00
-2.908307136233603707e+00
3.240705530561294179e+00
-4.968752036209728162e-01
1.136945485177788928e+00
2.939773261173950658e+00
4.693112686633561736e+00
-2.229497350879412060e-02
-7.378488722036018466e-01
6.335139187674834194e-01
-9.498649877036736910e+00
5.236663431647672340e+00
6.740620865969744191e-01
-2.511484901226549660e+00
2.861113639139151177e-01
-3.636074129752332240e+00
1.835468345880954422e+00
-4.478941775806754677e+00
-1.596565473981878203e+00
2.584117761969794813e+00
-3.784796071409098239e+00
-9.890874300125183094e-01
-6.153080558173165571e+00
2.444563810733869413e+00
2.226627963538485133e+00
-3.564280969166834456e+00
-1.184968125442335207e+00
-4.088916781688944901e-01
-6.306278839610067521e+00
-1.818698391728225117e+00
2.785080815554000555e+00
2.252270948101665837e+00
-4.848760289760121744e-01
-2.529138535193283133e+00
1.264412415304819248e+01
-1.676865257274755994e+00
-4.492602139244451509e-01
1.077510043454781297e+00
3.585832592084812198e-01
-1.068618450179141810e+00
-1.172021751884121610e+00
3.446538926544479242e+00
-9.382242306411385790e-01
2.038250256354309453e+00
-4.115942385137805193e-01
5.312937807753551622e-01
-2.558150029351602961e-01
-2.005213891240037238e+00
-1.674540814138193667e+00
7.007876376537841567e-01
-8.744590466366514159e-02
4.396310071068903369e+00
-2.905894721338061260e+00
-7.078766923895146945e+00
6.802073795076289953e-01
2.131118524946987947e+00
5.315229985665838042e-01
1.285626577962318162e+00
-5.576597059441195103e-01
1.205574092554359744e+01
-2.849863347320805929e+00
-2.707314520118516477e+00
2.245635549706478384e-01
-3.909545579307444285e+00
1.135170867229468694e+00
1.092593163651438992e+00
-9.978770511515600017e-01
-1.244164919412548809e+00
-8.403100632276894189e-01
4.494651112203701615e+00
-7.676737671213097691e+00
-2.954152454994898314e+00
2.024589781905218100e+00
6.380326590664766595e-01
4.963086736782423181e+00
-7.527526542017056954e+00
-4.106321134849669208e-02
-1.926798165917886330e+00
-2.668722216993709040e+00
-2.037188930902031903e+00
2.713930059412831497e+00
-1.060350217878663059e+01
-5.764432156817207442e-01
2.833254684677400270e+00
1.613604593552865119e+00
1.106396090646354580e+00
1.285284081614716412e+00
-8.331922184837912138e-01
-8.608215323001925379e-01
-7.054628563532913677e-02
-3.345734807300777103e+00
7.200828489955611866e-01
2.019939994144590856e-01
-2.905860152528494389e-01
6.747020102383427975e+00
-1.407052565961438795e+01
-1.224129233136092232e+00
-3.782486989782234854e+00
-1.051103768451852716e+00
2.851708011631444606e+00
-4.854507157305939513e-01
-5.839181424052535263e+00
-3.288275100266030648e+00
2.219412179664376872e+00
-8.122036800324023975e-01
5.386511129322281377e+00
7.391531430429275851e+00
-1.959205232678911557e+00
6.453068295001015642e+00
6.739161039984380430e-01
2.959830743637966943e+00
1.283315738917926829e+00
-3.121048392574445884e+00
-4.439550386958073247e+00
6.306918473413347659e-01
-6.342520312357613932e+00
-5.582247713406162326e+00
-2.538680647122740108e+00
-2.655381091077936073e+00
3.234022405947224232e+00
-2.675218139629333081e+00
5.321117806566336705e-01
-9.738914026882918851e-01
-3.088657566913024510e-01
3.916392148045058974e+00
-3.224385759489724279e+00
3.268189369025943647e-02
5.916888525715274794e-01
-8.852983685058387620e-01
-1.061321397143632694e+01
-1.051306329967831354e+00
4.293697234159512544e-01
-8.630044918609872440e+00
1.044375029651722908e-02
1.321682421797363105e+01
-5.843587393689452014e+00
-3.545793234777757874e+00
1.118798678361313248e-01
-1.103666065757747461e+01
1.125439529956535800e+01
4.765386233727166299e-01
5.843021052743856636e+00
-6.775484527800159640e+00
-5.815407451905127090e+00
-3.521206080805968419e+00
6.206444384579471452e-01
7.763591690528415246e-02
-9.980874168287810377e+00
4.910080938242137316e-01
2.839408224929691027e+00
7.676329405608889545e+00
1.050651700890438356e+00
-4.744336512416637675e+00
-4.575031786376505316e+00
-1.100119147385731466e+01
-5.168375871971195856e+00
4.446436768486408120e+00
5.359473761342029796e+00
-7.870285067742212703e+00
7.802000470513736907e-01
-5.106676698858803931e+00
-3.208886917041716691e-01
4.956496968884634313e+00
6.125070821603008087e-01
5.124929006110964025e+00
-5.626278885005671526e+00
-6.175107516380975881e+00
-4.373422561316063217e-01
3.938722176415535570e-01
-2.657891603080426712e+00
-8.744414594572457844e+00
-8.259489849747560231e-02
2.320974639394737804e-01
3.390458732879396919e+00
-5.395563267952280029e+00
-1.749525833940135655e+01
-5.089782205414170591e+00
-2.689736784114230783e+00
-3.017767730048418695e+00
-1.126037720773656048e+01
-2.329055366692220019e+00
1.067746434701712710e+00
-9.420689996639661778e-01
6.518491843580753731e-02
2.542366302361544483e-01
-9.141007333130870549e-01
-7.997017342914939375e-01
1.143260174353969649e+00
8.167815606001560980e+00
5.234944324108161684e-01
1.055143173191122052e+00
-1.824321177534288019e+00
8.964871301133878756e-01
-9.172332674630045091e+00
-4.051215737464897160e+00
8.353310286469366464e-01
-1.271477516676885022e+00
-8.230192713338913002e-01
-9.900587708694132127e-02
-1.062604855845598051e+00
8.438413879636554427e+00
-2.559424118539386228e+00
1.189010399990264144e+00
2.389158493943518646e+00
-6.571601588552296036e+00
-4.051624797129260713e+00
5.454501073712373582e+00
1.907579124191700970e+01
-9.680192422531146423e-01
