6.819516229829467591e+00
9.980509693773367275e-01
1.533961328205208030e+00
1.140315144522674018e+00
-1.454858978600012342e+00
1.315388395485184825e+00
9.349808645845113730e+00
-1.783496310470077617e+00
-5.296041099050661671e+00
3.055356483727847738e+00
8.924647131151519641e-02
-4.334281107423732848e+00
-4.668281953313255350e+00
-6.345602709194220203e-02
3.364636584936681274e+00
-9.363292872610982920e-02
5.350890039845966228e+00
-2.161561048177783384e+00
-9.871768845671875070e+00
-2.589868831611665367e+00
2.090899602820222469e+00
-1.441921103085692435e+00
-1.182710162427858425e+00
-2.111865637974903176e-01
7.112682801494674578e+00
1.276978795836573699e+00
-6.102948137266508866e+00
-1.343576090833592751e+00
2.231242770581387536e-01
1.765698759885196534e+00
4.791478931955995418e-02
2.899429477774885022e+00
2.504715621055668695e-01
-2.117899394634794596e+00
1.007841871347059826e+00
-1.469282561287184041e-01
-2.051483522438885210e+00
-2.367633648590552198e-01
-9.566841605854257136e-01
-1.282389033690767022e+01
2.816494041724090458e+00
-1.409266901184613285e+00
-1.335701265116600034e+00
1.399121053208766785e+00
-3.607337485645447650e+00
-2.122461836293092208e-02
-4.570996574830780146e-01
6.257664126778715585e-02
3.732002255859955264e-01
-4.186923006586900087e+00
2.697758321557237049e-01
-1.047877947938717247e+00
-3.664245976781047354e+00
9.918941028377037838e+00
3.368296738889028141e+00
1.303894429563661639e+00
-1.070554655339019723e+00
4.583904680494932826e+00
-2.750216495714441933e+00
1.945446992786042717e+00
4.078285325413320450e+00
-1.100029759133716034e-01
-7.694358696429906885e+00
7.766615548624621335e-01
-3.487818193544194756e+00
8.828596080802876278e-01
2.325932798192315687e+00
-3.878317917751613386e+00
-7.601303644645734714e+00
9.561422029229509345e-01
-5.717002470655515367e+00
2.206523778769764910e+00
1.693173913234028216e+00
5.298284614592168040e+00
-2.031902221799856134e-01
-6.895797707000282939e-01
4.775321556095727393e-01
4.505378369048935738e+00
4.365336318672072835e+00
4.947490530203957348e-01
3.681527380746870692e-01
1.403384627694498121e+00
-3.898369904381395745e+00
2.514932599698594284e+00
-2.620304703055157169e+00
5.790832842394999513e-01
6.707123273809726172e+00
-2.710328268840712429e+00
-1.034657967323786010e-01
-7.234998770079637431e+00
-3.053009274429951958e+00
1.402746300307488037e+00
-1.055353548368313099e+01
-5.751126295270022837e+00
2.900036564411356821e+00
1.025166778851397620e+00
-7.538976449528163926e+00
3.686139706681058059e-01
-1.831596431653949697e+00
1.566495743277815711e+00
9.118837937562129792e-01
-6.999473459350932236e-01
-1.127417289685801460e+00
3.846569766175727878e+00
3.087612568537486446e+00
-1.849052043149273850e+00
-6.613104257064987834e+00
-5.767848731672644558e-01
-3.950491489928170119e-01
6.726503146214673379e+00
1.822049981419365805e-01
5.323318283983108579e+00
1.560574970621883217e+00
-9.189343439000017710e+00
3.573709969694744970e+00
-2.721234037233982939e+00
7.494424735743031585e-01
2.236449039085298018e+00
6.573453526088657739e+00
-9.266824644138289546e-01
5.950627027591348650e-01
-2.175237638820048502e+00
3.032582719127763227e+00
5.909127857747602519e+00
6.249307360599956951e+00
1.913206365834867195e-01
5.466706475358462214e+00
-2.681913087224228054e-01
4.646523847368651539e-01
1.811412788957381892e+00
-3.958153621050288784e-01
-4.845557838872894152e+00
-1.013938443471332107e+00
9.712386180142877912e-01
4.411879125368954879e-01
1.443097407048096192e-01
8.046062807651104265e-01
-2.075771507034349206e+00
-1.446947049143489705e+00
7.080366156861304106e-01
-5.498147425828060264e+00
-2.458908338273239735e+00
1.422086842133379037e+01
2.499505289400638652e+00
6.427557511746283536e-01
-4.577358977416479124e-01
-1.686553662010398469e+00
3.375427781547260864e+00
6.421845548155145522e+00
2.626758166276056627e+00
-5.668771962904889605e+00
-6.099443714557564178e-01
-1.947754998707938778e+00
-1.023067759189815185e-01
-5.442108862540787628e-01
3.593886920846087185e-01
-8.967974131065947319e+00
-4.935520921800868877e+00
1.053064955684312309e+01
1.285250035963320547e+00
-5.613854534549450825e+00
-1.430686961023899473e+00
-2.547449185527342053e+01
-4.168205275594727421e-01
-3.269617623583501498e+00
1.074449250592836691e+00
-9.821839667500249504e+00
9.993447269997766114e-01
5.961492860010955575e+00
-2.899336049529443571e+00
-8.730267169314922526e+00
-6.829900457487295684e-01
-4.646896489960546939e-01
-5.700223385784604524e+00
4.256452224044715571e-01
-9.948125463483523667e-01
-3.687432598976685405e-01
-1.392485198068758312e-01
-1.930577194101318561e+00
-5.205680805703389424e+00
-9.526605411562503178e+00
1.838649979808352652e+00
-1.091986433426734671e+01
2.257003424967525540e-02
-8.773819345715673512e-02
-3.302378717708248423e+00
1.124350348194366589e+01
1.326082771093579860e+00
-4.591660073111231699e-01
1.032573167633309419e-01
-4.155005513141388107e+00
9.256382352968605787e+00
9.573135316208503109e-02
-1.074167399678554125e+00
-1.015300994227830156e+00
-1.964894875118358541e+01
-1.462016433886194955e+00
4.083000120109342990e-01
1.336665745940894823e+01
-1.395882667198652172e+00
-1.251759997491265763e-01
1.288117471983879936e+00
-2.444822601963461683e-01
2.433899142560387752e+00
1.151780084314390828e+00
1.469227473193104982e+00
3.348287378445788054e+00
2.294637153487500303e+00
1.412014783482820590e+01
-8.425928890752965472e+00
5.905428123072798741e+00
-1.312842835221359827e+01
6.633971343476553706e+00
-4.440017525820130206e-01
-2.137288094244800540e-01
-3.103801775080449257e-02
1.086428959926160509e+00
-5.014520144784360589e+00
2.424115167094492929e+00
-2.458504919485856588e-01
-1.218179873828036053e+00
-2.134695492843675169e+01
-2.052078326618088644e-01
3.474094967637762488e-01
2.032719243969394185e-01
9.836918096037848613e+00
3.647611610223850498e+00
-7.655171123638844222e+00
-1.574728865034588365e-01
4.097275241465986317e-02
-4.115594554675293115e-01
1.860787561107274168e+00
1.227875632117829063e+01
3.732342994694492599e+00
-2.861854653119308978e-01
-1.747959716029067856e+00
-4.216204906947504938e-01
1.294805658265795412e+00
8.896843438742243038e+00
1.457528518010623664e+00
2.749902471741022758e+00
6.083035731931083490e-01
-1.409480115534456068e+00
-9.221293088431956608e-01
-3.513582830910141119e+00
-8.965621443501403665e-01
-1.341258602773775621e+00
-1.110714574219700435e+00
-3.881550618440429368e+00
-1.424796315636083222e+01
4.448036643219683284e-01
2.259970243159783898e+00
-8.705681527850224199e-01
4.501505036210249777e+00
-2.433445006161412127e-01
-9.671897350053669129e+00
4.721211124533259418e-01
1.095544205640668878e+01
8.453682228605728932e-01
2.905329102356174253e+00
-4.871460859701637336e-03
-6.031226341160354776e-02
-2.091981785907642832e-01
3.756807252940641995e+00
-6.376280492144047685e+00
