-2.364254583176979008e+00
2.987411883487164577e+00
3.703902725123723538e+00
5.785082356333523634e+00
6.690468182989587120e+00
3.104693447651173943e-01
-1.445070440233657161e+00
1.527256833388311641e+00
-3.093649703081639224e+00
8.640586765912502965e-02
1.609951476371421775e+00
-2.610608999393480151e-02
7.171328998274814737e+00
8.305182782979325662e-01
1.637016755629449594e-01
4.713243530377631552e-01
-1.284715428905834012e+00
-1.031478158202749107e+01
6.309356282590729281e-02
1.209806658558417292e+00
-6.413727096355332336e+00
6.981561559563629338e-01
-8.545220511300668509e-01
2.156330851787674696e+00
-1.540121139856308330e-01
-1.858964896850279880e+00
7.119359819554064828e+00
2.348178896350479050e-01
-1.143134144425396137e+01
2.455229067013657007e-01
2.193892385178778159e+00
1.543857959215213516e+00
-8.680960860662320755e+00
-2.775866769390272104e+00
6.633518026561914915e+00
8.773952184531571774e+00
4.007079322792684195e+00
-7.588891049484228546e+00
1.475920345921965859e+00
-2.148195062472104233e+00
7.177843849252640851e-01
-6.687866422455813087e+00
7.486588155304179537e+00
3.690824757940274203e+00
-5.571739776278889167e+00
4.829094311092504976e-01
2.263367023336095296e-01
7.728503417971138489e+00
-6.544475326210401622e-01
1.310361640951989148e+00
1.702229327545790261e+00
7.693171598334481942e+00
7.013139349901809094e-01
3.927533040614927806e-01
4.945170273497707214e+00
7.513563100454470067e-01
8.535190243346076899e-01
-4.256691552236590015e-01
-1.142956751463347942e+01
-4.585811289238501232e+00
-3.862964131905800569e-01
-1.758647801322585469e+00
5.742346233784045850e-01
1.123810227383392313e+00
-1.016763562670505472e+01
-4.665739725942115612e+00
-2.617610053455780239e+00
2.964700472417594934e+00
5.583716897417429159e+00
-3.839765607674619385e+00
1.250492865015801813e+00
-5.700472105963498848e-01
2.343966731457288177e-01
2.995131879419868248e+00
7.832052019425915779e-01
-1.832436424600707436e+00
2.195286585861103923e+00
-1.745485572742777325e-01
4.246452145412391577e-01
-3.475143454407281673e+00
1.125963226465943379e+01
-5.368625892243476111e-02
-1.697927935874857575e+00
1.088776058290989335e+00
2.427798273656384676e-01
-5.274445026036417516e+00
2.529978669992714924e+00
4.681028358416920554e+00
4.815444535446998131e+00
7.763127915147219227e+00
7.444913582110546990e+00
1.183454610490631609e+00
1.551730902286763580e+00
5.432258262957492256e-01
-3.209025757272385260e+00
2.092739245304672480e+00
5.136585506285962222e-01
2.254321457689803521e-01
3.194595885011477066e+00
-1.009546674569454655e-01
4.091989317030956030e+00
2.081720332210544644e+00
-6.567258340872678124e-01
-2.411218523048333395e+00
-4.045520398801625284e+00
-4.756371747450188536e+00
-6.606419711759086155e-01
-1.591197934746201081e+00
-2.010527606145626311e+00
3.507842016805096552e+00
2.888037754639396049e+00
1.163951074401366359e+00
-2.009472260969016322e-01
5.745767783233989512e+00
8.030516926756252616e-01
-2.644441931311727778e+00
8.624734348970689579e-01
6.630229016199679748e+00
-3.666109863854342121e-01
5.794997867805849801e+00
-8.583110055806429939e-01
1.251611888715692622e+00
1.725584570128890327e+00
5.644711679583960695e+00
-2.682618035641328280e+00
4.631392252601733706e-01
-1.930137645131975166e+00
-3.293983193035197599e-01
-9.800236899266817403e+00
-1.769234877140502871e+00
-3.910048176747530135e+00
3.983346120877185315e-01
2.350895702680241062e+00
-1.139137083984006260e+00
1.041973396521379946e+01
1.079286983885633600e+00
-1.656903362861197238e+01
4.353133433202553415e-01
-2.957016755952241116e+00
4.139819777278520796e+00
-1.125557617197312787e-01
2.125724779773444428e+00
-1.087186496322379448e+01
9.131134515340644242e-01
-5.685244693471667610e+00
6.534609350158568475e+00
8.322711667632787247e-02
-1.222933637205319712e+01
-7.520325470666733292e-01
6.952797494688606861e+00
-3.702069788601427547e+00
1.834488384669044692e+01
3.335127319690579739e+00
3.950854039295910614e+00
-9.405309809867735682e-01
-4.039283227462688863e-01
-2.821211661407795557e+00
4.623439333936521400e+00
-8.074856750101968572e+00
-1.436357385763676442e+00
-2.706601733024760748e+01
-9.012932124396462186e-01
-1.703353505445851290e+00
2.052442863681184004e+00
1.054887782612387692e+00
-1.071113445119927121e+00
2.764476322386027363e+00
6.208038038822140336e+00
1.230891695779114059e+00
1.087330494565828198e+00
4.305579719621260182e+00
5.853025409285628200e+00
1.304656342703896676e+01
-1.049870994591070605e+01
-1.045382310930220982e+01
-3.552500054631162474e-01
-1.424833071461879298e-02
1.149628657566931222e+00
-3.417820949102406303e+00
-7.519374138558164722e-01
-2.839590284105907969e+00
-7.478529375742952290e+00
-6.301364589285442186e+00
-3.432656855259563766e-01
-8.514654046270784704e+00
-3.312067616151304961e+00
-6.744436502664268307e-01
1.278789883434698638e+01
-1.060737277367973874e+01
-1.647432279964479385e+00
2.338185142439932029e+00
9.003480889906088080e-01
2.940538344164992601e+00
7.567157862853603589e+00
-3.246017953247961163e+00
-6.841567264961107009e-01
-4.477613315298770047e+00
4.249919300051503868e+00
3.335485600314930910e+00
3.705401860612139164e-01
-1.290739955869672162e+00
3.145310434229731111e+00
3.267068342369172096e-01
5.943363440357747329e-01
4.083211565709573776e+00
7.898291212530417216e-01
-1.550260259939694629e+00
-1.144150638958143021e-02
4.265517349609889708e-01
-1.931683826520111724e+00
-5.115966468721944160e+00
-2.892554917314530627e+00
1.286211246188805557e+00
-1.527398084961725244e+00
-1.258701950761548893e+01
1.625330647109667348e+00
-3.747375747278869351e+00
-5.610788953932666523e+00
-2.260542877264414940e+00
-4.303183076779478755e-01
-7.797506443253952924e+00
-1.900139664132811435e+00
8.804594192957790888e-01
2.146459840835410748e+00
-1.176463177022730289e+00
-3.170264475730913412e-01
-5.958546113138353029e+00
-6.171206230133290838e+00
7.341735394747487931e+00
-3.318928845820477314e+00
8.472621515618066201e-01
2.406187610826988621e+00
9.077674473800788624e-01
3.630117771466328414e+00
9.357715473481726942e-01
-1.592821470024595509e+00
2.462037677127324908e+00
1.205947763989741794e+00
8.520948713580812628e-01
1.744484641397485714e+00
-1.216260294569701805e-01
-3.018368943685916239e+00
-3.069229151440246550e+00
-6.949530352027230018e-01
5.027434742962528347e+00
-9.614459798595900608e+00
-2.654660648850729388e+00
1.069290176088156574e+00
-9.786622195365390908e-01
1.790822357036951695e+00
-7.503482633812343927e-01
3.834853525419190223e+00
2.347962769773055847e+00
3.726699012822802359e+00
1.548023243166068319e+00
-8.627728523758235735e-01
-1.709686135855933209e+00
1.426313819746517497e+00
2.871502391277011235e+00
5.381940793196829387e-03
2.137304539219070154e+00
-1.061828140531347220e+00
-9.938394680302895523e-01
2.273653409504117651e+00
-1.125605757447035282e+00
