1.325506418582410362e+00
-4.291759573849903697e-01
5.262104165533156852e+00
-3.115481879131514198e+00
4.071670098146033645e+00
1.139892966552128739e-01
-4.765022342096178143e+00
-3.958679398255930071e+00
2.016522936318273285e+00
6.745887613318179987e-01
-3.981614362922142880e-01
3.315148127349979656e+00
5.630904746063460919e+00
1.121024316954391420e+00
5.408161039158168037e+00
-6.116354897253027945e-01
-2.414922581605610130e+00
-6.138078450363182448e-02
4.764146370854202672e+00
-2.179146893937028207e+00
7.476752006821042684e+00
-9.877873739778879170e+00
-8.308889445132014995e-01
-1.985136447855466724e+00
-1.214935716861597070e+00
-2.700789194802188931e-01
9.826703403121956892e-01
-1.983358878031858119e-01
-1.678598671761467376e+00
-1.305831097211387792e+00
-3.824762608709853851e+00
-1.051914628543715313e+00
6.094723706178143546e-02
1.525682441362710584e+00
-2.999269877816980401e+00
-8.652090203182215555e-01
-1.163267615055363580e+00
2.125675019018085976e+00
-2.219420920265361641e+00
1.541047762825890732e+00
1.045482917609401596e+00
-1.053382461476978449e+00
-7.665217735686350453e-01
1.382148857298212796e+00
3.542138983164722643e-01
-2.669980908671163888e+00
8.925099079686560355e-01
-1.192339964572596556e-01
6.375242040204443406e+00
-8.146191863314889980e-01
2.235020593259796406e+00
2.969527748006132395e+00
2.797344232759551907e+00
6.197020216616643262e-01
-4.825486764375131798e+00
1.597347155809069053e+00
-1.307460334402481994e+00
-5.342572681771530441e+00
3.651797933722359391e-01
-6.940527290890481815e+00
-4.281662000468465790e-01
-7.018813714398111969e+00
-1.385263182128543824e-01
5.010526106953667735e+00
-8.697568238825705844e-01
-2.856901044237802001e+00
2.073107873932642065e+00
-6.281482603968447265e+00
4.222542611979863025e+00
1.745475833029712209e+00
8.714794092347384336e-01
-9.871165180662497818e-01
-1.923461931882732567e-01
1.042387140684235547e+00
-8.274883248854212336e-01
-3.602881301457625085e+00
5.184326403761875035e+00
5.929251921198497310e-01
-1.461502828130938070e-01
-4.915576143773087381e+00
5.900004883805283207e-01
-8.661063049811127401e-01
-2.062936456646520256e+00
-8.648025691436714624e+00
-1.090659077117244991e+01
2.827107554106808252e+00
-2.764111151300121971e+00
-2.909099266224322466e+00
-4.202580746399628975e-01
4.359587936967770361e+00
5.848106133802325246e+00
-4.614489929223926090e+00
1.880329453225323633e+00
-1.034844231604778919e+01
-8.389742891466145380e+00
2.772487983022404734e+00
2.790466517926567303e+00
-4.472819807522755653e+00
-5.685965612190113649e-01
1.604036248827046762e+00
-7.468985891608670435e-02
5.661109322276132172e-01
-5.770729630252718678e+00
-3.445984216118502363e+00
-2.955133300198371060e+00
8.369633754133865011e-01
1.691674868353463035e+00
9.342768981775080306e+00
-1.412052485904557741e+01
2.487232730296330185e+00
3.581898255332149894e+00
1.764787936443691807e+00
-2.580856932539603132e+00
1.592546604542858679e+00
-6.268845794909504443e-01
-1.154009772398924272e-01
6.163446810956249244e+00
-1.429677414713962591e+00
1.580282643040368917e+00
-2.441856243691852058e+00
-2.639339991150478681e+00
-3.125178596624706984e+00
9.606596199977397721e-02
-2.554889661180868909e+00
8.205098866903956178e+00
-1.792222809067234968e+00
-1.983373190868472413e+00
-9.615993138798276663e-01
1.837290380250954591e+00
-4.705435282012675913e+00
5.625300963750929029e+00
-5.997326421545734476e-01
1.418615798795170191e+00
1.886949276689245725e+00
2.076085198991407310e+00
2.779864261047682583e-01
1.591503297581413179e+00
-2.713213050367909052e+00
1.332819913876516216e+00
1.062438658970878524e+00
1.552849442128505064e+00
1.696287263541705448e+00
-8.421088663072012537e+00
6.756545526777745891e+00
-3.735276412265747803e-01
-2.292234150803698078e+00
-5.102310675637167670e+00
-7.986679099299053952e+00
6.304610970274844739e+00
-1.828507178404608524e+00
-5.819652653636468109e+00
2.157059251904691610e+00
3.096016828756570582e+00
-5.515417580700782141e-01
1.523946135228227838e+01
2.553677200570565908e+00
-8.117180001768371511e+00
7.294997190200052106e-01
7.912903427328926043e+00
2.175859853736312299e+00
4.265884257600507823e+00
-1.691634837436021721e+00
-2.116618947495495728e+00
2.860437040928474950e+00
2.426647782207473902e+00
6.200892634870721842e+00
7.706149094459677773e-01
3.439839397628923212e+00
1.320016096629055546e+01
-4.038516211536586020e+00
-3.602136906909005898e+00
-8.034778932688576347e+00
3.156255253194265364e+00
-3.418409691926040384e-01
2.827620372355407419e+00
-9.184062694479216971e-01
-5.099863200683739883e+00
-1.045767889525307970e+00
-3.468904688662989066e+00
4.678943837119513005e-01
-7.154858088188164267e+00
2.196278905196400899e+00
8.227236651318883265e-01
-1.412787197015412000e+00
-6.942731029673987919e+00
-9.144708857828280912e+00
3.401444967411605624e+00
-3.597736053637259790e+00
-7.098320877098546200e-02
-3.638679226154366009e-01
-1.100294346134147894e+00
-9.983867414905737148e-01
-2.442719204844594927e+00
-2.976142944593809680e+00
5.057192454173131679e+00
-4.749900184984263696e+00
-7.065473509867250534e-01
-7.725508445540882896e+00
7.533432515632900728e-01
3.639258499383265733e+00
1.720733727676589719e+00
2.366597789019313947e+00
-1.107883785788246200e+00
4.800217065337868405e-01
3.120616570967346348e+00
-2.235860293408073740e-01
6.465821584534006128e+00
-1.352488021748204261e+00
8.448803966603386506e-01
9.762241402384129740e-01
-5.484037377041767414e+00
-5.105831693625869638e-01
6.634137606369792550e+00
1.371862304172973168e+01
3.397509133658793701e+00
-1.750467111814367482e-01
-6.759510076377578391e-01
6.522953445376104220e+00
-1.715195583201335694e+00
-5.166532509309044174e-01
-8.966522790531342935e+00
-7.430180100040590929e+00
-4.086298791267921615e+00
9.607147647278150515e+00
-3.452312831243590008e+00
2.442429501353290622e+00
4.145180954205077151e-02
-1.221469466138811910e+00
3.220911506313617778e+00
-7.029753222453181127e-01
5.837873775977900692e+00
2.531246584726678073e+00
-1.259829317937061210e-01
-1.735865815951024294e+00
2.473667209622981922e+00
7.362272449956448472e-01
-7.626159048397074258e+00
-1.330888214457646435e-01
3.916785327199018285e-02
4.000709229281418366e+00
7.397669810190290463e-01
1.443823602041252707e+00
5.679698590445500628e+00
7.837838569813255774e+00
9.801607898823760934e-01
-1.219895399715398510e+00
-2.539385026127247258e+00
-1.340696729700617151e+00
3.362672618966704885e+00
-8.799498873353753581e+00
-8.041687967620827493e-01
7.132685808380739845e-01
2.031320047615667423e+00
-1.712750317514931897e+00
1.291775748775082455e+01
-5.702895730030295596e+00
-6.147213827089995419e+00
1.906978026498602041e+00
6.958273819250010428e-01
-6.882907307084420445e-01
8.513793179557822555e+00
4.172458768935661255e-01
-1.171552090417902869e+00
1.644852169883601833e+00
1.485594381636426986e-01
