-4.800062232587382627e-01
6.958265067477260590e-01
-4.770389472705943490e+00
-2.066383198513494168e+00
3.023753562521896976e-01
-4.429047414471416033e+00
-1.522132053060537338e+00
-1.069900252538358520e+00
1.871515183115576075e+00
-9.359546058024573179e-02
-7.556148999229235663e+00
2.209822507885967013e+00
8.141789297809662873e-01
-1.708189524485078881e+00
1.201062900985939486e+00
2.371950287437440963e+00
-9.359416119880243912e+00
-5.097530672639999372e-01
6.650280981840207550e-01
1.019358153812198520e+00
1.917376966476681988e+00
4.231512170455080379e-03
-6.849869225293733876e+00
-6.860863036063075127e-01
-3.178915637445237086e-01
3.346624253743368360e+00
4.743791606071265377e-01
-1.127134866468989749e+00
-1.362820330798043322e+00
-7.597709784365082264e+00
2.854339358689219619e+00
4.372328875003761439e+00
3.798705476547101223e-01
-3.623477857791211676e+00
2.761949879465413815e+00
8.058143212769527941e-02
5.051108889223980825e-01
9.954048993840448611e-01
5.309691892753042097e+00
9.493935400029342997e-01
-7.515027967626144445e-01
6.247998765983827418e+00
1.679840156032033605e+01
1.508819866125209685e+00
-7.199489302989612316e-01
-2.189830430217285073e+00
1.721522137129213981e+00
-6.165547257332448794e+00
5.606905106453619503e+00
-5.067047931525889837e+00
1.099207791036624293e+01
-4.505291279567884999e+00
2.412237527753252841e+00
5.771980493296682724e+00
-4.939223194211488810e+00
-1.680321603691018240e+01
-7.891992568004468911e-01
1.436363467458613430e+00
1.892303524380359203e+00
-6.073246557649484068e+00
4.075267757005364699e-01
1.629573170329524867e+00
2.000499278057731534e+00
7.933805704918667878e+00
4.041489046730839529e-01
-2.500055836834341516e+00
2.926831648988989176e+00
-1.631593017905803022e-01
-6.635867727417711137e+00
1.414321141130406190e+01
-3.114912387309734854e+00
-3.475463460729150134e-01
3.947154456200601125e-01
-3.004384969676601180e-01
6.163571599064608719e+00
3.018629203944349637e-01
-4.284647654404606598e+00
9.474378543693219967e+00
-1.453604934258407644e+00
4.783720273629701758e+00
-5.855634331259360614e-01
1.381388377802950096e+01
2.140518639481197027e+00
4.915700040696251882e+00
2.592802363262507903e+00
-1.000128588017662468e+00
-9.951903603863948788e+00
9.398035033013623085e-01
-8.150733880516616736e+00
-5.166412462766944103e+00
6.253446332940100660e+00
6.309761199724596814e+00
6.758366601819582264e+00
-3.849743789660433180e+00
-1.883049122709285816e+00
3.452105974367887797e-01
1.750601404166304276e+00
5.621911445008885622e+00
-2.484088591309090432e+00
1.288727354456806307e+00
1.636299012667560504e+00
1.161670064464658303e+01
-2.462798121555454800e-01
-1.242963051360423510e+00
-1.187766242196044786e+01
-3.935861136781353964e-01
-2.097682728341275116e+00
9.355838092517418936e-01
-8.722660407677976124e+00
7.695926095170020353e+00
6.725219945835029911e+00
1.046852975769105187e+00
-5.042056205704831484e+00
-7.293894293269869156e-01
-5.186932127119841418e+00
2.076841020813151584e+00
-1.221794901359215757e+00
-1.630970789607240956e+00
-6.164682330917670150e-01
-6.191405628132282679e-01
2.036838769462409271e+00
1.029847224575838993e+01
4.353938695654921420e-02
5.038034685978248772e-01
5.220910127337545781e+00
-1.088610622128000216e+01
1.193302335530793901e+00
9.307434021542317026e+00
-1.053415261256873459e+00
1.448002927083775759e+00
-2.443473875327277334e+00
-2.664020982286356531e+00
4.707248322570083410e+00
-2.108131947424068287e+00
1.340923822244456165e+00
-1.526193917790778509e-01
3.866385721177287849e+00
-2.166941728996878425e+00
-4.403264550285501677e+00
-5.689426824110805914e-01
-9.860679224430557444e-01
4.676972537768717686e-01
-2.885810392253061796e+00
-2.164941717260159493e+00
2.231415805608213621e+00
-1.822110922514079134e-01
-2.160351617122874934e+00
3.070546079976070944e-02
-1.086239682402047491e+00
1.087665060202053002e+00
7.123429947649891902e-01
2.322209175546561255e+00
-7.422629952018730215e+00
-1.074330981534835194e+00
4.064550723075693178e-02
-8.491814964775740160e-01
-6.060809106732648388e+00
-3.017349601766104783e+00
1.406951501181075814e+00
-5.841145935511603271e-02
2.043137091089856749e+00
8.629089610847723302e-01
-9.466189125608385213e-01
-1.863278018167362271e+00
7.893027465267736520e-02
-2.020547721558123122e+00
-7.983630592153305727e-01
-1.812546186202949050e+00
1.092082977145786060e+00
-9.806308739011413422e+00
-3.575598741970841932e+00
3.592980579986230438e+00
2.060199953609652468e+00
-4.020869042297713136e+00
-4.691594589661856496e+00
7.729176822224765875e-01
-5.544536125029529749e+00
-7.725013905594149133e-01
3.005968756906391537e+00
1.456701605125365617e+01
7.059076787920961493e+00
-3.575907982638655280e-01
3.078938739024063675e+00
2.723928077561519778e+00
-1.084103473687024088e+00
-6.184817285678782639e+00
1.067033432725515762e+00
-2.391591525754090952e+00
-5.051841368683263056e+00
-1.164993848691921130e+00
8.423082578045093527e-02
3.932442241427089424e+00
3.803276656677131662e+00
9.740085073488719658e+00
-4.770164733045464622e+00
1.474311623707855734e+00
-4.812933330017415301e+00
-1.013903862155984115e+01
-2.167322411625052681e+00
-1.394541660499801494e-01
1.837665628350221958e+00
2.558037778646989224e+00
-2.589670005729712621e+00
-4.022185918019635098e-01
-3.386369343866211246e+00
-4.356736063673343651e+00
-1.231728729904697062e+00
-8.360798103846801554e-01
-4.858025810875787442e+00
6.478694246019262026e-01
-3.385036617458408337e+00
6.873114543979315094e-01
1.388327209683531294e+00
2.154190110473341857e+00
1.806624635380350286e-01
6.112018944926523867e-01
-6.955740001913697235e-01
-1.718479544891860389e+00
-9.458265299448089802e-01
-7.640926686778459320e+00
3.453324146895563052e-02
-9.748964470917126590e+00
-9.700344754965641858e-01
1.396439901802685846e+00
-5.550043899447548945e+00
4.516527430995528336e-01
-1.984768848013677978e-01
-7.406241572339787860e-01
-1.442307195600965875e+00
-1.798847079489770184e+00
1.157483140795309451e+00
-3.420545688749315527e+00
-1.492124065469614180e+00
2.485117499188246981e+00
5.529337322117690690e+00
-2.557883580187322536e+00
-1.997088727390193386e+00
-4.315252853855002790e+00
4.289570502797879215e-01
3.618679876394645945e+00
-3.610258963218525796e+00
-5.426674902420236535e-01
1.525902518439598565e-01
4.275274577863639180e+00
3.097273571017718830e+00
-4.434902412380992587e+00
-3.310082066192840067e+00
1.662302099226396823e+00
7.177690915098720481e+00
-1.293235585973347490e+01
-5.216580128266953054e+00
-1.541082102288572897e-01
5.160123279343860503e+00
-2.184279934494064990e-01
2.282795157709447409e+00
1.539339463321599544e+00
4.921490968571847091e+00
-1.254182011689545462e+00
-3.276786429346044915e+00
-2.174665611884863292e+00
-4.614678632230578614e+00
1.399995746824754139e+00
1.462303258842752030e+00
-9.336952788055753460e-01
-9.812448374985251576e+00
