
0 56.742332 0.953119 13.225472
1 74.751957 2.370155 15.942326
2 85.411736 13.553574 25.068178
3 65.866602 25.946852 24.706787
4 86.39141 33.73232 26.813619
5 86.39141 45.322469 25.383916
6 86.813791 44.149306 30.272065
7 86.793424 56.571635 30.801889
8 86.59141 65.383991 26.162116
9 86.39141 67.535564 24.579608
10 86.59141 78.445303 18.31919
11 86.59141 81.552181 14.774216
12 86.813791 78.47342 19.947159
13 88.793424 77.430324 21.135725
14 88.393424 78.412456 18.842059
15 88.793424 82.205071 10.287643
16 89.617915 82.381672 11.786679
17 89.617915 86.537511 5.474957
18 89.617915 87.564563 2.979019
19 89.617915 87.242282 4.310084
20 89.617915 88.312748 1.666347
21 89.617915 88.7282 0.756411
22 89.617915 88.897914 0.671484
23 89.617915 89.021874 0.694523
24 89.617915 89.155343 0.634911
25 89.617915 89.262037 0.609745
26 89.617915 89.330527 0.524671
27 89.617915 89.439997 0.421146
28 89.617915 89.471221 0.399531
29 89.617915 89.533956 0.300359
30 89.617915 89.576935 0.204705
0 57.006039 1.404193 13.282931
1 85.99141 6.651733 17.346127
2 87.215851 9.287672 21.049331
3 86.554995 19.719049 25.964763
4 86.043021 20.058471 24.454217
5 84.473131 28.716525 24.984593
6 84.967552 32.824071 26.176617
7 87.866602 44.702375 24.679002
8 89.213791 50.527988 21.517554
9 89.249357 53.848035 28.431176
10 89.218586 59.688015 26.424853
11 89.468774 62.316804 27.392396
12 89.818586 71.374843 22.863913
13 90.821114 82.555419 12.796008
14 90.557367 84.081574 9.120589
15 89.468774 83.976454 11.021993
16 89.818586 86.246453 3.480507
17 90.249357 84.938771 8.525537
18 90.557367 85.73655 5.628564
19 90.621114 86.479749 4.444456
20 90.557367 87.518403 3.381123
21 90.557367 86.990515 4.04634
22 90.249357 86.662574 6.155007
23 90.621114 86.847765 5.247703
24 90.221114 87.121608 4.567781
25 90.221114 88.701282 1.572769
26 89.468774 88.456302 2.805984
27 89.468774 89.012005 2.203168
28 89.468774 89.321781 1.462557
29 89.468774 89.157301 2.05642
30 89.468774 89.468774 0.0
0 86.013791 0.490046 15.663422
1 89.013791 3.56519 16.042129
2 75.174 6.804581 16.058838
3 74.775442 20.382634 18.5151
4 74.771489 21.180415 23.988391
5 74.751957 26.796476 26.781431
6 75.194865 38.58254 24.752038
7 86.22027 42.158637 25.600652
8 84.59141 41.510947 22.234114
9 89.415851 51.442214 22.549175
10 91.559745 53.610579 20.858598
11 91.559745 63.132898 15.99499
12 91.559745 62.146885 22.699103
13 91.559745 63.860411 23.315337
14 91.559745 70.497261 22.077422
15 91.759745 69.618044 22.50067
16 91.759745 71.7057 22.673341
17 91.759745 79.780717 18.056017
18 91.759745 83.532754 16.126442
19 91.759745 89.25395 8.182098
20 91.759745 88.511614 9.456299
21 91.759745 90.052363 6.125935
22 91.759745 90.668867 4.416975
23 91.759745 91.000454 1.006202
24 91.759745 90.984634 1.04266
25 91.759745 91.097183 0.993438
26 91.759745 91.205731 0.926148
27 91.759745 91.3801 0.806444
28 91.759745 91.3981 0.812462
29 91.759745 91.3961 0.811816
30 91.759745 91.477738 0.709798
0 85.993424 -0.678787 13.215498
1 56.888533 2.277541 14.109142
2 65.785392 14.787204 20.251813
3 65.769519 19.5776 24.125182
4 87.811736 34.470037 26.831108
5 85.39141 39.164924 26.026394
6 86.611736 40.608653 23.535524
7 89.213791 44.811098 23.700622
8 89.815851 49.306085 24.52086
9 90.232484 54.136805 27.504328
10 91.823649 58.703192 23.333452
11 90.018586 64.491012 24.549842
12 89.817915 74.904661 15.868743
13 90.359745 78.834237 16.530848
14 92.246757 81.473474 12.13929
15 93.446757 83.829786 9.081485
16 94.049357 82.256404 11.518186
17 92.275744 85.753727 11.201989
18 92.275744 88.341577 5.056927
19 92.275744 88.25826 6.738799
20 92.431292 89.062534 4.147441
21 92.431292 89.412533 4.055927
22 92.374 90.193411 3.232979
23 93.126677 91.2689 1.532495
24 92.997882 91.682663 1.265405
25 92.997882 92.153063 0.655094
26 92.997882 91.984111 0.940303
27 93.060207 92.259355 0.577458
28 93.060207 92.336363 0.524596
29 93.060207 92.315248 0.465067
30 93.060207 92.397715 0.408128
0 56.742332 0.22458 14.231123
1 56.771489 4.229326 14.992815
2 86.840905 11.032384 19.264302
3 85.99141 23.120451 24.598701
4 91.254579 30.054001 28.299319
5 91.559745 46.310608 23.741978
6 91.529262 43.904796 26.323221
7 91.529262 53.740118 23.246574
8 91.529262 55.943806 25.945156
9 91.529262 60.915297 23.034133
10 91.529262 59.830453 25.539817
11 91.529262 61.725081 23.827713
12 91.529262 72.178069 20.100561
13 91.529262 69.130047 19.620706
14 91.529262 75.245028 18.79986
15 91.529262 78.756624 16.458668
16 91.529262 85.672371 12.435124
17 91.529262 89.538396 6.748928
18 91.529262 86.71269 11.102797
19 91.529262 88.402466 9.548425
20 91.529262 89.514152 7.533451
21 91.529262 91.123275 2.443791
22 91.529262 90.845255 3.958111
23 91.529262 90.042383 5.82887
24 91.529262 90.227252 6.793451
25 91.529262 91.241882 2.580912
26 91.529262 91.361203 1.672167
27 91.529262 91.529262 0.0
28 91.529262 91.529262 0.0
29 91.529262 91.529262 0.0
30 91.529262 91.529262 0.0
0 56.742332 0.150155 11.613496
1 65.65612 6.930454 16.721526
2 56.742332 8.252858 19.041395
3 74.853671 18.177068 25.134257
4 86.39141 30.170869 27.070037
5 88.383394 35.50102 26.795172
6 86.59141 40.520536 30.529601
7 87.793424 64.141276 27.86998
8 87.611736 68.339356 27.851559
9 88.993424 74.796147 24.039239
10 89.193424 78.599376 21.439928
11 89.559745 82.069548 15.060071
12 89.415851 79.297208 19.207336
13 89.443021 82.230081 18.28746
14 89.443021 84.203036 15.804876
15 89.443021 84.889205 10.024776
16 89.817915 86.247255 6.331911
17 89.845142 86.429949 6.336679
18 89.845142 87.256133 6.501434
19 89.845142 87.532629 6.790911
20 89.845142 87.265534 7.153683
21 89.845142 88.881776 3.254469
22 89.845142 88.779931 3.74927
23 89.845142 89.016822 3.672694
24 89.845142 88.895364 3.673242
25 89.845142 88.922241 3.93747
26 89.845142 89.769088 0.340553
27 89.845142 89.587234 1.542033
28 89.845142 89.815953 0.104429
29 89.845142 89.806492 0.233835
30 89.845142 89.836576 0.058106
0 65.729012 1.822925 14.942264
1 86.59141 5.555508 18.936024
2 89.368118 11.193398 21.47448
3 85.7894 25.927319 26.298013
4 86.39141 35.977615 26.047448
5 87.193424 42.326182 27.103546
6 87.211736 50.376881 25.78474
7 89.793424 52.619066 28.516114
8 87.793424 58.567989 28.151621
9 87.793424 63.944586 25.306716
10 89.849357 71.522225 23.431591
11 91.223649 79.8607 15.176762
12 91.223649 82.910871 14.200444
13 89.823649 83.828737 13.761162
14 91.223649 83.512036 12.946315
15 91.223649 85.228258 6.450908
16 91.223649 86.387733 3.972295
17 91.223649 86.925133 4.483417
18 91.223649 87.552313 3.225779
19 91.223649 87.922707 2.559306
20 91.223649 88.200328 2.247947
21 91.223649 88.263319 2.299603
22 91.223649 89.02071 2.577854
23 91.223649 89.352148 2.194542
24 91.223649 89.321617 2.216676
25 91.223649 89.895473 2.002058
26 91.223649 89.790332 2.067757
27 91.223649 90.438319 1.637559
28 91.223649 90.068954 2.403737
29 91.223649 90.220568 1.881893
30 91.223649 90.538471 1.5283
0 66.176954 1.228858 14.42951
1 65.773463 1.403013 13.64283
2 65.860115 7.545688 18.61237
3 89.593424 18.540741 22.210961
4 86.39141 28.342992 26.754156
5 86.39141 37.117341 27.110831
6 87.757367 46.07087 27.094337
7 89.593424 54.824269 30.821364
8 90.359745 61.787921 24.848544
9 90.359745 70.553926 21.958946
10 89.218586 76.59643 16.838103
11 89.957367 81.490362 10.784187
12 89.759745 80.201202 13.07272
13 90.821114 78.533923 13.925409
14 90.821114 81.935273 12.369061
15 89.818586 80.935302 11.947207
16 90.821114 83.984643 9.902365
17 90.821114 84.821095 10.09332
18 90.821114 88.682819 2.225702
19 90.821114 88.441277 3.94474
20 90.821114 88.778155 2.73067
21 90.821114 89.521962 1.294382
22 90.821114 89.737551 1.404076
23 90.821114 89.77702 1.438314
24 90.821114 89.932881 1.305723
25 90.821114 90.197077 1.029393
26 90.821114 90.258997 1.066729
27 90.821114 90.535021 0.728148
28 90.821114 90.53216 0.768406
29 90.821114 90.417765 0.955951
30 90.821114 90.634189 0.537881
0 56.746171 0.504835 12.181005
1 85.813791 3.115889 16.420531
2 74.746171 10.531232 18.023191
3 74.715866 13.158372 22.190527
4 86.39141 25.12923 26.526894
5 86.866602 38.626317 29.059269
6 86.640905 41.746305 28.067117
7 88.668774 46.073623 30.139314
8 88.240905 55.954064 28.439703
9 91.559745 69.214819 24.862153
10 88.615851 65.031635 27.99062
11 89.157367 67.727629 26.908702
12 88.599491 70.92909 26.59027
13 88.797464 66.117309 30.835239
14 89.013791 65.004886 31.617513
15 89.393424 76.313092 24.777792
16 89.793424 63.217471 33.354099
17 89.593424 59.065773 34.977962
18 89.793424 73.320788 23.604868
19 89.793424 78.138088 19.214813
20 89.793424 84.716402 10.287402
21 89.815851 85.61332 6.306916
22 89.815851 86.99528 5.383362
23 89.815851 87.474193 5.294653
24 89.815851 87.611664 5.206059
25 89.815851 87.611129 5.204501
26 89.815851 87.617242 5.207548
27 89.815851 87.355386 5.514341
28 89.815851 87.482059 5.362614
29 89.815851 88.408365 4.305144
30 89.815851 87.805111 5.059174
0 56.742332 0.258341 12.922395
1 65.568669 2.449461 14.063105
2 56.742332 8.79939 17.681647
3 74.777424 15.635314 22.216249
4 65.976552 24.634174 26.273584
5 74.873131 29.333337 27.444604
6 88.011736 40.536626 26.443724
7 88.417915 54.311102 20.062722
8 91.623649 54.446696 25.130494
9 92.02619 65.069059 21.707288
10 91.254579 72.080619 16.513534
11 90.215851 68.218353 23.223408
12 91.593647 72.139196 21.281236
13 91.531574 79.107328 15.739215
14 91.423649 85.09801 9.911027
15 90.821114 86.63061 11.427946
16 90.821114 88.660815 2.712557
17 91.962129 88.270428 3.015984
18 91.331574 88.748601 3.089458
19 91.023649 87.450214 5.597261
20 91.281106 86.795058 7.896424
21 91.683798 84.573458 10.24958
22 91.223649 87.628786 8.007569
23 91.683798 86.578736 8.078803
24 91.683798 85.72188 9.6214
25 91.62619 86.638716 8.835918
26 91.62619 86.025337 9.412776
27 90.982889 90.001196 2.862746
28 90.982889 88.605127 6.880114
29 90.982889 90.06982 2.544345
30 90.982889 90.267012 2.441783