-1.531278548564235065e+00
-3.312648317204003323e-01
1.046138465769231640e+00
-9.846437742134261928e-01
-6.206183249443883998e-01
-7.877450095689397802e-02
6.437810328627702194e-01
1.152615171388284843e+00
-1.758636533617585096e+00
-2.699706805235091434e-01
-1.397656317724810471e+00
6.835333814328901081e-01
-3.519791988509171077e-01
-4.752838744994811293e+00
-6.404748173337211359e-01
-3.847822339310793982e+00
8.021968618153565433e-01
-2.104690438403818975e-01
2.698367193133186515e-01
-6.367392122159722945e+00
-8.405780069514657171e+00
2.582682120545742421e+00
-2.155036055278173990e+00
-1.245220140400815634e+00
-4.621775158034087116e-01
-1.369896741087759651e+01
9.606832239384572869e-01
1.197906250180873267e+00
5.359663739999331877e-01
-6.221717960065494823e-01
-2.154522585360216791e-01
6.523526375390800602e+00
7.921837157880295965e-01
-7.927397724059572770e-01
-4.541276562495464297e+00
-2.105626265394930030e+00
1.542239416145510411e+00
-6.348462790506392839e-01
4.111765065108975992e-01
8.015069625871396042e-01
-1.031421572037300338e+00
9.744784906915313627e-01
9.429274466864838722e-01
-4.039861171958771813e+00
9.768483584949547716e-01
-4.695027820378626093e-01
3.550314123494776819e+00
1.774165982926440233e+00
-1.232689763879999401e-01
7.805672514123783712e-01
-1.254436193062927529e+00
2.444620512244888577e-01
-2.411118971105111797e+01
4.470313672449188758e+00
1.369927947630100729e+00
1.321136340023729705e-01
-1.345999733447336588e+00
-1.259405227368327385e+00
-1.466070670454695346e+01
-8.194903262965242963e-01
-1.113416412341654782e+00
8.980254472141048439e+00
4.690946967268093681e-01
-8.351324454473048053e-01
-1.162813893872057802e+00
5.050326224307946532e+00
2.547618663777290182e-01
7.530702355141245530e-01
-8.133503937908198589e-01
8.538502499021538572e-01
7.802427732008840877e-01
2.045741402478412407e+00
-1.394619456845930805e-01
1.974152873700846467e+00
-1.867610812728517811e+00
-7.126753963262112412e-01
-6.592580916779273714e-01
1.041505091928357718e+00
-1.554069054178419673e-01
9.521838437206096017e-01
-2.684740773702373851e+00
-5.203386217118044499e-01
-8.267142740008600610e-01
5.300166855866206284e-01
8.454685433287401075e-02
6.714502422135155690e-01
-2.346180718905472418e+00
1.357437972408048754e-01
-1.191408528551433754e+00
-6.894753569458619280e-01
-1.107735869926601335e+00
-2.109974466586239661e-02
-1.889083971878672719e+00
-2.312198553043054883e+00
1.095706233131852114e+00
6.062427255142344151e-02
2.670789962903921122e-01
1.054593765426330432e-01
-8.441941706243002441e-01
-2.582042945387208466e-01
-2.084781290490917538e+00
1.211351058518301826e+00
-1.001426175156024057e+00
4.427764447631125755e+00
-9.344042858552232822e-01
-5.093419277285171631e-02
6.188770552300780992e+00
-1.221321818497663969e+00
-2.149178040956210012e-01
-1.372556423493333178e+00
9.129163452019082303e-01
-9.631173770253304012e-01
5.675189612068964884e-01
-9.275211676257190119e-01
6.204466477699164262e-01
4.763885036420596464e+00
8.907545095871143292e-01
-2.433761022695191678e-01
-7.521453970647695719e-02
1.114814066115767055e+00
-1.368578509767432649e+01
-2.943268599453501722e+00
-1.758186768945879663e-02
6.664672259626733819e+00
-3.459791045301239265e-01
1.655991197175922247e-01
-2.930940668097092860e+00
7.671751961383801444e-01
-1.265895938265973353e+00
-8.486331684467636194e-01
6.195115241718034405e+00
6.666777625892618353e+00
7.477064298896116679e-01
-3.809235900024818822e-01
4.242579337977196996e-01
-1.970438888929276988e+00
9.913069127715653517e-01
-3.369340115936780844e-01
-2.058606126347247312e+01
-2.282515029653769290e+00
-4.756633038200521746e-01
3.278540425913169243e-03
-9.110698489323845184e-01
-1.101825813756602912e+01
-6.427349605183609427e+00
5.479115945918544561e+00
-1.430682560621997501e-01
5.094206370205268675e-01
-6.067460491472380646e-01
-1.509081028674917491e+01
-4.783593328279090451e-01
-9.086840550822955720e+00
1.267331835953100505e-01
8.861807029168009553e-01
5.413149634054332804e-01
2.418919376006569699e+00
-6.098777781548571753e+00
2.190973784466428764e+00
1.678812540832563538e-01
3.215770131729580594e-01
-3.900994293444796646e-01
-1.540383524569798102e+00
2.661127601081448191e+00
9.517965034897645893e+00
-8.331392598504556990e-02
2.864940447204799234e+00
-6.737736473676674276e-01
6.702537136559208797e+00
-1.845994992086188446e-01
-3.933371211484267160e+00
8.605064027969757667e-01
-4.794299714306407001e-01
-5.388888874836794685e-03
1.446130557170402842e+00
7.226181133940613677e+00
3.982314746598054622e-01
4.895733328551507668e+00
-3.583663612139607046e-01
2.072287373333790761e+00
1.894758599026544976e+00
-6.380078586352152525e-01
-1.091780161717192943e-01
5.331329340813668605e-01
-7.609063125464614608e-01
-4.485220977554698507e+00
8.018155636600126090e-01
2.143784812252527150e-01
-1.404850406973297661e+00
1.890230264645544889e-01
-9.243897025430536374e-02
6.227954813829016167e+00
8.650073335899690630e-01
-6.883960018339415621e-01
-2.315662456811367065e+00
-2.306362376437759210e+00
-1.607185795162504149e+01
-1.819233395401371300e+00
5.086761677145025473e+00
4.165478406521778698e-01
-1.395789942720897336e+01
4.362357779235068733e-01
-1.701038131970896039e+00
2.258277045575819653e+00
-1.007750066624980967e+01
-1.596956163940316031e+00
6.620713624558594024e-01
3.262989411669990680e+00
-3.212045556043904071e+00
1.480866167325907590e+00
9.550195616499554063e+00
-7.411493651384623016e-01
2.499260754700608489e-01
-6.234731671793831698e-01
7.090535779713413866e-01
1.530249369328974041e+00
-7.441143818397756293e-01
-1.328535483210734336e+00
3.561013581807923600e-01
8.464790118301954713e-01
3.948744211817590610e+00
-8.854436834926784350e-01
1.357034850374724488e+00
-1.189264619507924614e+00
9.147545932817457981e-01
1.905188665080768784e+00
-2.343167774064682518e-01
-6.002768782752028187e-01
-4.269531339041288120e+00
-5.964804704906216948e-01
2.143530990487916732e+00
-4.158407500980473515e+00
-9.249718315072075203e-01
-4.674048022525597368e+00
4.117372884337484606e-01
8.526586978093562141e-01
7.806024232625840220e+00
-2.447632118031960458e-01
3.486171646457398854e-01
-2.008127833431372800e+00
-1.188279687075788260e+01
6.191511048932982764e-01
-6.048798566916300246e-01
-1.703750682555666418e-01
-1.241667351385869367e+00
-1.872979063488236395e+00
-4.669660962715677321e+00
1.230807412413126078e+00
9.012927730509414648e-01
8.950983912726711011e-01
2.740401862106045527e+00
-7.921669855589470455e-01
-2.451668100521017246e-01
-2.121950469927829985e+00
2.480594248208707775e+00
7.630325128254373812e-01
-1.257139173497239693e+00
-4.637583327077422268e+00
2.200843786523480450e+00
4.383153475275394229e-01
-4.869567605917261011e-01
-1.126277020681409446e+00
-5.450908094691473416e-01
8.964021467205494531e+00
6.337490928975800131e+00
-3.668831551606316355e-01
