5.124766878717399443e-01
-2.833129893676335165e+00
-6.888924351763454190e+00
2.188670924663283390e+00
3.574933417818960901e+00
2.194547882637284619e+00
2.943971146729385424e+00
1.576647244807475756e+00
9.992735576994304925e-01
-2.657009162599023311e-01
-9.707807566005349997e+00
-1.636302435105670749e+00
-3.703383295666209385e+00
5.332824583737735935e+00
-3.376699450192037766e+00
2.814120106818791128e-02
-5.382058336119593944e-01
2.613929307506782651e-01
-5.561467702515333400e+00
2.469114180030098360e-01
1.094511969561065445e+00
2.794152566630617729e-01
-8.892993244867156144e-02
1.775285485932941043e+01
1.835018859471607477e+00
-3.423942310715500703e+00
-8.591331038677428866e-01
8.333439705760012917e-01
1.691057787364269149e+00
1.799480096614028746e+00
6.460591717098326470e+00
3.181295337399940859e-01
2.102201027334038574e+00
-3.861273535586335903e-01
-3.608231994920508612e+00
-7.423093207929361004e-01
-5.682517305025277743e+00
-7.658159556829069459e-01
3.129909126690458177e+00
-2.484144209882866772e+00
1.637215580871202114e+00
-1.578194344301288299e-01
2.230294512609460433e+00
2.850288795989378343e+00
1.139244757964283927e+00
-1.162162488191367693e+00
6.910093403411549318e+00
-5.362005475062654458e-01
7.558400508733086554e+00
-4.311235774488665129e+00
1.207285799879826316e+00
2.310321791838223504e+00
-4.362496079677645078e+00
-2.133945677973924926e-01
2.492195422085324019e-01
2.788485706515385409e+00
-2.905726527158489780e+00
-2.866448688829107638e+00
-3.682705038573825362e+00
-4.794314585014710417e+00
1.085415391256195505e+01
-6.604241693984250205e-02
6.414609203622428923e-01
4.824633904097888504e+00
5.386893226556369596e-01
2.430397504219705684e+00
-2.687371037534656892e+00
6.339274231426642814e+00
3.308088249785019030e+00
4.945714940192898368e+00
-4.260277187251287678e+00
1.826663886291387762e+00
1.294734865400665874e-02
2.710386859578749696e+00
-1.417479182894332279e+00
-1.218790501910304469e+00
1.213102885038217060e+00
-7.783240098406811747e-01
-4.659019531516541690e+00
3.264282126568969211e+00
-1.389677819957346738e-02
2.376666485998640610e+00
-7.228396726093745395e-01
7.870351652873948112e+00
3.815663946648835569e+00
-4.177305978426828048e+00
-5.761167437281708992e+00
3.214153006263801848e-01
6.367118670982904738e-02
3.415230427807062763e-01
-2.147299831470192544e+00
-5.805090250583828215e+00
2.103853046222978307e+00
9.657332001417135992e-01
-7.408206150066412032e-01
-4.669198574109372224e+00
9.291368956317787919e+00
-3.752087421837745129e+00
4.687447734193991522e+00
-9.459449844744613145e+00
-1.582239748990914130e+00
-4.283644842420840648e-01
8.422744668362529552e+00
9.635486784026376927e-01
3.182160263390596100e+00
4.063610096638541336e-01
-1.457174467510852223e-01
8.883832449691507094e+00
2.649779666052318294e+00
-5.664374125472573240e+00
-5.713467066839865716e+00
2.404336062736538437e+00
9.630656847862378855e-02
3.805498137220074129e-01
-4.109465332162325346e-01
-1.490077746471559217e-01
-3.076660476414320389e+00
-5.873695070753409020e+00
4.212622336269678414e+00
8.192321627061899258e-02
9.806985363211028428e+00
4.863133432605017958e+00
-1.089610681061453423e+00
2.581506962961841900e+00
1.584049711865255894e+00
-2.372305450906978308e+00
4.201025816030274918e-01
7.176901561953748232e-02
-3.649996155553721700e+00
-8.798749865652631952e-01
7.108396445314173917e+00
6.296194181301066894e-01
-2.867945243149611301e+00
3.253687102609197912e-01
-3.101010313900157023e+00
-5.492803367537201886e+00
6.117167506807330568e-01
5.221576138142580703e+00
1.516230104349714392e+00
6.542544131615335434e-01
5.156914133799646471e+00
1.816944868770382082e-01
3.654458083420460301e+00
9.473086741924711118e-01
-2.056050396791544443e+00
-3.451464240846328746e+00
2.887763828746082062e+00
-3.073419159821231705e+00
-1.330649430586746951e-01
1.612692866935727110e-01
-1.635543961946626101e-01
-4.439830963660300611e+00
-1.062013023144542823e+00
-7.358487761945700090e-01
1.090949218118826280e+00
2.682521927158877384e-01
-1.731722161736165833e-01
6.366623119055949687e-01
-2.355758119100091363e+00
-1.009370478748829569e+00
2.067006659627769416e+00
-6.064793514374211547e-01
2.199529645763350416e+00
-1.830209265646929873e-01
-4.186583062261642341e-02
1.912558243904906696e+00
-9.581408375419517842e-01
3.340430904017521740e-01
3.150431369968479167e+00
2.853990383185033952e+00
1.072481377909944689e+00
5.189346413747450093e+00
3.449065624357728232e+00
-2.107202824389201812e+00
2.848311442481090694e+00
-2.866839038644098281e+00
-5.789834478650007776e-01
-1.766236549914728560e+00
-5.534101944496319092e+00
1.320547534385991748e-02
1.979663757947851765e+00
-1.118961575556207455e+00
1.886774305647819672e+00
4.723864856909715471e+00
4.440059485897347891e+00
6.664805427820219563e+00
6.138593354423628412e+00
-5.177965495176371391e+00
1.414633289951125805e+00
-2.279484361156274730e+00
-6.874946309633324759e+00
-1.416207945869720208e-01
-9.938498585886748615e-02
-2.092735583558653634e+00
3.119761445852662796e+00
-2.476379910597305223e+00
-3.452619288692508448e+00
-2.560769238857321106e+00
5.544451769046081502e-01
1.041059143476292581e+00
4.337934334717813423e-01
-4.973613754475957327e-01
3.274320193460302342e+00
2.627454455549622092e-01
2.717388149325957958e+00
-5.644767728138920804e-01
-8.165849522163295404e+00
1.687411742161961659e+00
6.671978383563806680e+00
6.802694182361571085e-02
4.036993589435021734e-01
3.395730436616312353e+00
-5.644351858681769585e+00
1.035322532038953636e+00
3.990124867570571610e+00
-1.960600224106225475e+00
2.225235787673425225e+00
-2.422909702433613699e+00
7.903865427076392614e+00
-2.952050072461928076e-01
-6.517701277346903410e-01
9.457365246359122679e+00
-3.039073240426013456e+00
1.252454671595464308e+00
-1.094423871984648633e+00
-7.854443300775852066e+00
2.070639487295868442e+00
-3.691214822653745564e+00
3.034090974956320963e+00
1.298466045949429604e-01
5.206722387676851582e+00
-3.264345531748734430e+00
6.560510356486655148e+00
1.397797569506544324e+00
-3.017854614437947891e+00
-4.571296246629009907e+00
3.564208116050024966e-01
-4.691490235227150585e+00
-3.398817928291142376e-01
-4.857270296308048851e-01
1.720625047727732282e+00
1.663509166502228798e+00
3.212323815128460769e+00
-5.609967055892843835e-01
1.083314798466619433e-01
8.368259588060327658e+00
-1.005546678127112292e+00
-1.296716341826809504e+00
5.114261622801306029e-01
-6.727210501845471979e-01
-3.227443107682695267e+00
-2.123047561170934294e+00
-2.904420425069808021e-01
4.177865142765975648e+00
-2.249763875313730122e+00
-1.165624262099206199e+01
-8.936134089031030348e-01
-3.340054176220597526e+00
-6.111491592278919804e-02
9.095976603647461189e+00
7.963007776051167497e-01
-4.291520152207814465e-02
3.330357427987138852e+00
-4.195809002644931063e+00
9.785297161749488826e-01
