-1.916487253282979086e+00
8.551802337667123055e+00
6.435548925068277804e+00
1.068332456186051327e-01
-2.143612430497372490e-01
4.693558295528768909e+00
-1.322148142021440043e+00
-2.162369770452839818e-02
-4.254651581053069620e+00
2.068021387562187119e+00
-1.127530616395834073e+01
-2.652403443422585383e+00
-8.771453755291805376e-02
-1.316106534998779765e+01
4.220339961341477597e+00
1.239339492927473030e+00
-1.631125332028840580e+00
2.379259095142001179e+00
5.149716961931922743e-01
-2.839327268244661084e+00
-4.328130489942830117e+00
1.801148843466643112e-01
2.852475199308955656e+00
-8.614152833523094355e-01
-2.732054251503197584e+00
1.337830699718353555e+00
3.735917464145597777e-01
-3.052919345665033868e-02
4.242044754163853959e-01
4.947581403674990441e-01
5.187473243850675431e-01
-5.539457023026105320e-01
2.141757741991191510e-01
1.965792214951717354e-01
-1.893942699048908107e+00
1.237039658609809384e-01
-1.168829785478342764e-01
1.639863311248770106e-01
2.300468637554131668e-01
3.520483206574503421e-01
3.885578888051313129e-01
1.330923030504765237e+01
2.941759149875923018e+00
5.684988395921337201e+00
-1.188992200677773114e+00
4.371525988362220255e-02
1.488823663401604325e+00
-1.098094426223673453e-01
-6.284719744899108784e-01
-1.943244866193076348e+00
5.860007739450766584e-01
-6.009937246734944338e-01
-9.600539308257400872e-01
-4.367779506288087532e+00
-7.710933475784876201e+00
-3.479310376439079255e-01
2.210321428124914500e-02
-1.669173098827975710e-01
-2.747764872690395821e-01
5.287933392918843234e-01
5.080387024745456337e+00
-8.247651644769527834e+00
-2.999059507906088884e-01
-1.881053087470545282e-01
9.288774922486759067e+00
-8.153763753545613113e+00
-2.859723909749677384e-01
1.037663691428378243e+01
-5.634171229278351234e+00
-6.609471599185966217e-02
-6.690388957120424474e-01
-1.824810856405213499e+01
1.853463386177562011e+00
-7.990548327710262910e-01
1.696052098177048162e+00
-2.910444629036554431e+00
-4.336466274746672567e-01
-8.195033032293693731e-01
7.711780741979110676e-01
-1.792380773008733774e-01
1.608509122598404062e+01
4.010893441121097802e-01
3.453594621027577527e-01
3.404873057255467517e-01
2.105696619508208745e+00
-2.345478017894836231e+00
8.190572289685900120e-01
1.128942491870898568e+00
-1.684706663188917375e-01
3.125693275039274965e+00
-4.018962087320189447e+00
-1.417079606053172292e+01
-3.914358856024271471e-01
8.619639319313279202e-01
-2.058257155159937124e+00
1.364322609495492999e+00
5.137097016424878593e-01
-8.264267011453613199e-01
-1.320698479146993620e-01
-2.548781342084202040e-01
1.315751632267852383e-02
-1.270635333173510961e+00
6.782806293739446879e+00
4.324788394170016037e-01
1.183060227038844836e+00
6.153342648224442435e-01
8.148231465568450682e-01
7.813909972080467226e-01
-5.413175621049090003e-01
1.795843836828446283e-01
3.812616238275965408e-01
1.811533967014244684e-01
3.868285452110952205e-01
5.386182864401183323e-01
-1.074007440822231985e+01
3.887156040444840421e+00
3.944691457411547697e-01
3.260395117858186365e-01
7.564683659288506945e+00
-5.928535311913148753e+00
2.603524463030489344e-01
-4.673007311686835585e+00
7.796253737046883181e-01
-4.968651808653593571e-01
4.022853344480016302e-01
3.176155190831426722e-01
6.419383186984475742e+00
-4.019780889338901431e-01
6.346483023605057339e-01
2.592053609031367145e+01
-1.297105268642499531e+00
1.211971546026396140e+01
3.480341864207678326e-01
-1.684646555502736232e-02
-7.300291428659098969e+00
-1.812909886550946315e-01
2.859681004221902079e+00
-1.099370126890499400e+00
-1.669133201024332672e-02
-1.099322013183299696e+00
-3.047222513211174100e-01
4.321686314319821420e-01
2.645837662607603558e-01
8.358218717092606997e-01
-2.568622425053308689e+01
-2.804771777582265591e-01
-5.654574082249255174e-01
6.422071522820654188e+00
-6.709320903073776599e-01
-9.889453768921026011e-01
9.495339817339046862e-01
6.582867196185080427e-01
-7.216461134643353814e-01
3.124637612413539434e-01
-1.177023200107096601e+00
-3.186205310110844513e-01
2.610875712208179156e+00
-1.158173763694471337e+00
-1.029546460584327416e-01
1.246311418683550443e+00
6.125223845351055463e-01
-4.216755775255502936e-01
-1.527947135173236104e+00
1.261458981103600330e+00
-1.175113401554955805e-01
7.623976795613467417e-01
6.987423823265481726e-01
3.404649872943540379e-01
6.107303996182203321e+00
-2.924224317194107359e-01
1.136161082170960901e+00
-6.190533685266395858e-02
-4.918640275482703217e+00
9.693360505500648872e-01
5.274377387077724411e-01
6.651340260105125246e-01
-3.740473675955581778e-01
-6.072901918561985468e+00
-2.758543669578978341e-01
-1.763383938855366539e-01
3.920500564828173218e-01
-6.378077220458186147e+00
1.673916723229476933e+00
-1.829846701378937818e-02
1.070310370411018841e+00
-8.258478554618180478e-01
-5.913699886858955201e-01
-7.162376529181531115e-01
-9.300220071573056524e-01
2.100761622029242159e-01
-6.042171723533265038e-01
-1.728537580276555019e+00
2.381782412737233123e+00
1.118530711932137628e-01
-9.737293891394809275e-01
-4.913572852008837089e+00
-6.622286217804589370e-01
-2.620376265691506945e-01
1.023204320564254388e+01
1.683608871409565388e+00
1.060264935294878530e+00
-1.113206335802499680e+01
-6.892937769722247143e-01
-4.020965377536193652e-01
2.759343550617665564e+00
-6.036794597654132621e-02
1.141420550795233524e+00
-7.581336143921079129e-01
-6.093635274082545017e-01
5.733605555117415875e-01
4.239449248797597658e-01
2.198645705664961092e-01
4.325916418336534508e-01
1.204269819288838361e+00
-8.436897798258635728e-02
-4.685388391167428779e+00
1.547936310162727125e+01
3.606703968997045928e-01
1.320022184572096913e-01
-1.080121501677018792e+01
5.941090520660654573e-01
3.856980648044068261e-01
-9.914187990451193144e+00
4.468719042332137126e-01
1.064141776633807979e+01
1.379819494042914041e+00
9.632402458260672651e-01
1.792199421045597429e-01
8.525844597561624827e-01
5.258672960785170103e-01
-1.857604849056540530e+01
-1.335338438542374995e+00
1.036758628249775072e+01
2.804484553232079680e+00
-2.934518785118496176e+00
2.216206896700512186e+00
-9.744968030159256500e+00
-3.849192057793751509e+00
7.937350465969347901e+00
2.342720430979201574e-01
9.794300830295353810e-01
-5.630377257062708640e-01
-1.550177329333049803e-01
1.119974414589613110e+00
-1.932845205793637788e+01
5.648774421258795364e-01
-9.672448137269846313e+00
-8.896876385602652260e-01
5.026590082405435478e-01
-1.470668434675529390e+01
2.346664355422375614e+00
-9.157574691330312433e-01
-1.097982068802291877e+01
1.997935434861284998e+00
-2.274161823308623376e+00
-1.223421478423119657e+00
-1.011052303342839354e+00
1.290254661663022828e-01
-7.670353416174833239e-01
6.865849439995308501e-01
1.342142801547843822e+00
3.412816225666168712e+00
-9.467886365881605926e+00
-3.499748688124392215e-01
-1.020029420866100267e+00
