7.874560336856534448e+00
-5.325614934468053896e+00
4.170024900869661266e+00
-4.422111841045756719e+00
-5.563749925056040713e-01
5.929999514110485315e+00
1.905253123693111839e+00
3.712534421173806720e+00
-5.350104984848125245e-01
-3.266911185955170716e+00
3.177403072990693911e+00
9.474699153111368233e+00
1.204299980899142142e+00
3.000054251312926468e+00
4.798942894465536568e+00
-2.789888991094303661e-01
3.972323355197153738e-01
1.106638753780210482e+00
3.627806104773444451e-01
-7.560584672317009591e+00
-9.559530775945326297e-01
3.527648164057327840e+00
5.202639842830568462e+00
-6.453012077962101856e+00
-3.130867050515860228e+00
-1.226758245928876789e+01
-5.688273846106169790e-02
8.775090887817661445e-01
3.781272649058211144e+00
1.094964290445886945e+00
6.533001232192703345e-01
-3.276968840951107964e+00
-4.438446660642962449e+00
-1.434826587393263075e-01
-1.031577221622870510e+01
1.370550156867483549e-01
5.567343970935269226e+00
-7.498649453785095176e+00
8.966703677219843849e-01
-6.348693951713276107e+00
1.636187342748632201e+00
1.408279071136141723e-02
7.936089165707447712e+00
7.493172708705699847e+00
-2.304957852631860149e+00
-3.694964562479537973e-01
4.692080151380519371e-01
7.308276546897396475e-01
-7.331580695109046530e+00
8.791502609623258024e+00
-6.280324395214353927e-01
-4.799478894977308840e+00
-7.013947219079211259e-02
2.280331830151625105e-01
-5.904415521956951629e+00
1.180704122337685957e+00
-4.171815472554587956e+00
3.956989511336631571e-01
-3.750908952972028393e-02
-9.353640009968335889e+00
-2.176165545114886690e+00
4.171644113102255247e-01
-2.020098525321463612e+00
-5.783742045292903367e-01
-6.067490585191911423e-01
-1.281041856387052258e+00
4.253161370249967099e+00
-2.726036081674498845e-01
-2.907267758846267203e+00
1.201218701900927499e+01
-1.306897787515479248e+00
-6.731239977548915121e+00
-1.615142097996538739e+00
7.124864395734946676e+00
-5.438069930773086202e-01
7.650907085285878484e-01
2.349305546140995071e-01
1.391602171566481694e+00
2.335723615548844556e+00
-8.482524807549373103e-01
-6.510847932935255322e+00
5.734667819486196194e+00
5.755539252748098633e-01
-8.187835696157193865e+00
-4.170887593509939872e-01
-8.030417309243651047e+00
7.776453696189624676e-01
4.122500545284668583e+00
-3.768098653681361543e-01
3.163681590741023175e-01
1.237304517000530124e+00
-2.736596640718322870e-01
2.331481143803680045e-01
9.762861365071959785e-01
3.913564084939011867e+00
-1.599698540320382723e+00
-2.980627802716989017e+00
7.248487493963475359e+00
-6.349497807581512276e+00
-1.292120787228005518e+01
-2.337010225415767195e+00
-8.591235562028669559e-01
-1.290867736905319640e+00
-4.130923375063157432e-01
-2.555979840853649931e-01
9.650468367316173968e-01
-7.089804751818418183e-01
-5.124565649150014224e+00
-7.865343435284646301e-01
-6.902945207252068061e-01
-9.112964799985070474e-01
-1.129300472197413363e+00
2.165197285282287609e-01
5.580098425748512003e-01
9.736198568260769903e+00
1.909901636172802952e+00
-1.770124503543374139e+00
5.812186984375736776e-01
-4.806971785555629317e+00
2.859481798625963300e+00
-5.721659477328071119e+00
1.343126539018143273e+00
9.209961922129195067e-01
-6.828406148953565236e-01
-8.840265517998751044e-01
-2.498260641674328042e+00
3.799229735316108858e+00
2.628262016035436410e-01
6.730061168908263447e-01
1.352184188289428546e+00
-6.637698776353360142e-01
1.885690669872684966e+00
7.574098142814009726e-01
-1.596164761951488043e+00
-1.387902344140415911e-01
-2.390173508901047850e-01
-6.361016281211234968e+00
6.668890605362234325e+00
2.870182392881699407e-01
5.551352579395369524e+00
4.856563922995437821e+00
1.844834075107377958e+00
-1.899450563031697126e-01
8.831085886029834686e-01
-1.431730944466556688e+00
-5.361095124200410122e-01
-3.724620024794504936e-01
-5.399275505747713755e-01
-6.970908257914363304e-01
4.391754523565309043e+00
-3.222456661336106087e+00
-2.643074925790080965e-01
-1.131485464453206191e+01
-5.815492781967530611e+00
-1.789318686668786906e+00
-1.701894131679822664e+01
6.602900133339897337e+00
-4.771240009917909752e-01
3.750851462703757910e+00
8.667389745159557179e-01
-1.727917846633177046e+00
2.425332096036822804e+01
3.189465765560461907e+00
3.616765331468920763e+00
4.556022567816084834e-01
-1.561419129104406389e+00
-9.760297181513131193e-01
6.529555437249320526e+00
-5.206567250411726633e-01
2.243146887050772698e+00
-7.038407789102640866e-01
-3.704064913141461357e+00
-4.065320310280196026e+00
9.157114763623950271e-01
3.295014150536865749e-01
2.310615760324222556e+00
6.032343213636732759e-01
-1.660537413210804170e-01
-4.124245307168724395e+00
1.340510367893853916e+00
-3.407262299507871628e-01
-3.350535346388329727e-01
-8.108566405585840187e+00
-4.065342731338940752e+00
-1.476105822287342217e+00
5.693974252237388178e-02
2.152648478705716073e+00
5.297387569327287604e-01
-6.335551304744379664e+00
7.041233480986988980e+00
8.304540085861660259e+00
-2.089344748150218922e-01
1.589455240044634454e+00
2.091603988836774342e+00
2.722527679878736340e+00
6.125883326256127415e-01
3.734802920150452898e+00
-6.063559664801869697e-01
-4.796004691461985381e+00
1.172283573743674623e+01
4.717584294907731235e-01
-1.470730493699823338e-01
9.736404989425985201e-01
4.614217783452238208e+00
-3.390331463419391067e+00
1.091911913777445786e+00
-4.261930799571566730e+00
8.391440183662484120e-01
-4.786237871886640960e+00
2.860909197503958001e-01
9.041921390053175855e-02
3.208677529892049130e+00
-2.309442483217072350e+00
4.936667095103650649e-01
-2.609680326980603926e+00
-7.676445754221530748e+00
-1.955562127646470305e+00
-9.342039971464457526e-01
1.908844342385756621e+00
8.773320032040038186e+00
-7.397686549490418706e-01
1.425217228329251462e+01
1.146358137002031485e-01
2.369282308931260239e+00
-5.173831230775371992e-01
-3.991943508176145627e-01
-1.064709679726531455e+01
3.528565545118578672e+00
-8.980437028176773140e+00
3.463672938507820209e-01
1.455747332527517868e+00
6.577855033596543777e+00
-4.771866594185576460e+00
-6.222280933732127206e-01
3.012470717911381879e-01
1.501071554141611530e+00
-2.964867786134386396e+00
1.344283220163363213e+00
-2.954658589961303150e-01
-3.229010118555375897e+00
2.883473841661821524e+00
-9.551681150696302858e-01
-8.676553944362201065e+00
2.242469807054295661e+00
-9.710047248067243952e-01
-8.639465171441889524e+00
4.156887067650543166e+00
1.137345449053238866e+00
-3.289400650837528417e+00
-7.332052455924547019e-01
2.566917398319297217e-01
-6.357652837150798319e+00
-5.217800313622551478e+00
2.420936502167561066e+00
-1.844552798185108422e-01
2.254639172628905452e+00
1.353285353193934526e+01
2.173315068246653325e+00
-1.625634472435773636e+00
6.408681159610853939e-01
-5.689973423974023503e-02
8.858373673303981732e+00
3.637635368734153385e-01
1.346176000632862291e+01
-3.093346532053563358e+00
