6.207499910345600780e-01
8.077420250270657409e-02
-4.999428302535412483e-01
-1.417945711971017264e+00
-5.676053094227288653e+00
7.888904735273958302e+00
-5.898517447647927403e-01
-1.650379643061743895e+00
5.909426977223042332e-01
2.979394898242142098e+00
1.236125520141129544e-02
-2.956655626571133566e-01
-2.992523709307636004e+00
-6.105864299798969164e+00
-1.363792890016963000e+01
2.520604364289043886e+00
2.200472721905244899e+00
3.579136329123873583e+00
3.227145544060695537e-01
-5.168778107946561118e-01
8.474807546012932402e-01
-2.650095974734210102e+00
-4.031046139214903429e-02
-3.738935297174788452e+00
-4.579757734507068356e+00
1.614239448768398688e+01
3.397281457676303712e-02
2.791895789795774685e-01
6.856622263607392576e-02
-3.763029765069257904e-01
-1.359344271427465750e-03
9.397667480059683776e-01
2.555319897456937994e+00
-1.251993856225266821e+00
4.893534878624764550e-01
-6.334746038626286158e+00
-4.065840588515276521e-01
1.883976550158736885e+00
-9.045545287596430839e+00
7.927041546908788483e-01
-1.270529188379876295e+01
5.367614178033771610e-01
7.624189090310903305e-01
-8.575655176739978014e-01
-8.082921699171609076e-01
-3.412677722714296813e+00
2.274530603390664263e-01
-1.153277258990396881e+01
-1.700371292727735351e-01
-8.001066485054786348e-01
-9.168842560121998053e-01
-2.071136045971543993e+00
-6.128654562853424359e+00
9.716480926436641408e-01
-2.603462637185073536e+00
-1.938873926535239711e+00
1.638205616498215889e-01
-9.631532369497612933e+00
4.341134766166988568e-01
-5.449026012527099505e-01
1.244634271788053193e+00
6.523864173070601957e+00
7.483531276033641433e+00
-3.217385509230445972e-01
-2.085709497079172969e+00
7.016531481579990626e-02
1.710873101107346361e+00
-1.952365273504637511e+00
1.483533562591831778e+00
8.387061269983698608e+00
8.903713596711859690e-01
-1.919871397329908635e-03
-1.212042119972503329e+00
-7.963595031059215179e-01
-1.090906890610489910e+01
8.093689184381322121e+00
-2.666497822353798952e+00
-2.752532824923731303e-01
1.187951276656578692e+01
-4.226897736870893763e-01
2.331420886091911671e-02
1.186855579152266849e+01
-1.003739783497370031e+00
2.264965615966366919e+00
-2.012730557530735820e-01
1.758342624621832995e+00
2.350748542805324082e+00
-1.813918032244902667e+00
-4.263175313214259132e-01
9.883627668216874440e+00
-1.820160839494310512e+00
-1.171947608697405308e+01
-4.561064356606204129e+00
3.530378141642287915e+00
4.331004790670257343e+00
1.443604975669801505e+00
-2.851602024492541521e+00
-3.410360413206833807e-02
2.573426527014727530e-02
-1.921956270029763214e+00
-7.640879304348352496e-01
6.495082789686544844e-01
2.147147290393899954e+00
-5.803397987328485996e+00
-1.781061612664407434e-01
-6.455233274241924946e-01
-1.156684872903281258e+00
1.148773227768575467e+01
-1.000959443191704601e+00
-1.778853369812968932e+00
1.301557026360287361e+00
-3.960102819304930577e+00
2.029984358334141703e+00
2.259199657027274544e+00
-6.014666548361754517e-01
3.966009835308839993e+00
-1.941797118486500384e+00
1.074558210426845850e-03
2.718238760420039757e-01
1.343188513403042350e+00
-3.348163698442667147e-01
2.965703757134445340e+00
-1.720855033679546153e+01
1.624501667038376063e+00
5.500673616233139884e-02
-1.136101024596059550e-01
-2.729455242662472525e+00
5.370998313837089810e-01
-3.049989971766723373e-01
-5.524103372125551026e+00
3.374520461232967117e-01
-7.313292613713557877e-01
-1.328427763811485418e+00
-8.707755251466636759e-01
-1.119604474994013943e+00
1.831905362075304522e-01
1.524037688571316096e+01
3.439102619612691702e-01
-1.736591840092853278e+00
1.019855705883200958e+00
-4.676761538436291499e-02
-4.817558740374604520e-01
-7.247581190965282971e+00
6.228495574986600003e-01
-3.487757421546989978e+00
2.286249332017383784e-01
-1.397267348045741642e+01
-7.839843136033266546e-01
-2.393261962158423461e+00
-1.369557088675811829e-01
-5.677988885669598140e-01
4.906081702067970340e-01
6.060690686100228541e-01
-3.134666056581902449e+00
2.232734658019461943e-02
-6.544454037543890657e+00
-8.625448102588669785e-01
-9.633326268634714751e+00
1.871977297645930904e-01
8.290186106638344654e+00
-2.215677981787402828e+00
-1.182259170902574708e+00
-2.715836493802349150e+00
1.729164320698252100e-01
7.135023227288452841e-01
1.246134751698215304e+01
-2.685346316160409641e-01
-5.095499287862499393e-01
3.447470564897839873e-01
4.480748574623014679e-01
1.055239337721876947e+00
6.536836931779713700e-01
-6.749716826906784206e+00
-1.159435286112945107e+00
1.358906769785672530e+01
-8.392605372704448063e-01
2.181771947056395433e+00
-2.538143722453489737e-01
1.191226132262146242e+00
6.730233748794885784e+00
4.699831118465904289e+00
8.714041718169963646e-01
-4.001005052937467443e-02
-4.837404217102426185e-01
8.594377944800292823e+00
2.916348757915356416e+00
1.791577603988130818e+00
4.371607245523568830e-01
-4.331213879477893158e-01
5.191598302518887209e-01
-2.356275481797176496e-03
3.364093200258427840e-01
-6.817997927180995177e+00
2.928114369950490570e+00
1.529017821933426058e-01
-1.993614861379339742e-01
1.019624353337361899e+00
-6.524717615088526657e-01
5.158753093362244080e+00
3.217277555386806598e-01
1.184760447072439327e-01
1.083242478915833029e+00
6.582746433707471756e-02
-1.395234356721306579e+00
6.692505322480697405e-01
6.984297043852432108e-01
-3.588170073477044975e-01
1.230380860638204865e+01
2.080894102284392755e+00
-3.652336938781252762e+00
8.169237971786563079e+00
2.085472068001862078e-01
-6.755797918332956620e+00
-3.052951760452112806e-01
1.941704518668603274e+00
4.661043514701979085e-03
-1.202910472272952447e+01
1.139461285685948289e+00
2.135023035756129772e+01
-9.212598439573989051e-01
1.499394362056883923e-01
7.608364416059048452e+00
2.674022960893621681e-01
8.344533431496559128e-02
9.077997319881074390e+00
-2.116574927163262232e-01
3.414761534724586323e-01
5.999714550557078141e-02
3.913454996124210439e-02
-9.432463611641194845e+00
6.836599554837842874e+00
6.135834300006775877e+00
3.246848905088954407e+00
5.132524884895397488e-01
-1.251104153689318377e+00
-2.376840546702527757e-01
-4.717528655630074397e-01
5.197140316620224354e+00
2.894455798366812438e+00
-4.533968519865394065e+00
-1.174257751250212678e+01
2.066567308601333919e-01
-5.507671894419592373e-01
1.640104649626704214e+00
-7.549848262960304091e+00
-7.729261339464783553e-01
8.146538401839022170e-03
-1.817442999778177276e-02
-8.003298699878995670e-01
9.224715379656540648e+00
-1.116989859498837223e+00
-1.908727971550747071e+01
9.462718653389774914e+00
1.369914984235294009e+00
9.380457759417937247e-02
2.857079847712397314e+00
1.762625186436815594e-01
5.986184502783419292e-01
5.799908622825024729e+00
-8.671532743396532794e-01
-1.122949527657311153e+00
-3.401697296099383649e+00
3.909429189570872154e-01
-9.461688439181780153e-01
-1.285324158042135068e+00
