-1.323327137700487377e-01
7.711123877274725924e-01
7.701677863890494802e-01
4.916704213285104430e+00
-4.377443208832541011e-01
1.405009158561688398e+00
-2.789591529222410937e+00
5.878882299075723239e+00
-6.310247315995503037e-01
-6.085370434979159304e-01
-4.989541323904789771e-01
-1.233157567242786801e+00
-1.836034259226801746e+00
-5.635398323146322497e+00
4.489736980436398461e-01
-1.689027775887879557e+00
-3.244895767842735257e+00
-2.102446605979032768e+00
8.481601010963117915e+00
-6.327015770662151040e-01
-5.476762207718710584e-02
-5.582020298500304456e+00
-8.787238856701501399e-02
-2.699712225732644466e-01
-1.308827312643541241e+00
5.164668443808343445e-01
-8.583829291736835287e+00
-5.192335746238252447e-01
6.181001056867556187e+00
6.922583590274769549e-02
4.584202358230626828e+00
-4.210663282163079835e+00
-8.834325455315685360e+00
2.160746335648328076e-01
2.740917040865227250e+00
-2.819682863713875776e+00
-3.627957712667362888e-01
-2.463427083743499946e+00
4.713861063734952062e-01
2.126522041359778514e-01
-3.995580249912332071e+00
3.849422023865686882e+00
5.880016582592302310e-01
4.595316320083792649e-01
-1.505126352091012532e+00
-6.513066979317594374e+00
1.189416242681827218e-01
-3.308825914116973799e+00
-1.749247517309661104e-01
4.255901100793987979e+00
-6.244844346990832129e-01
1.609267201492785127e+00
-8.579964204618040213e-01
-4.758676539931473992e-01
-1.297178143670121742e+00
3.576232190478137785e+00
6.380001271903862126e+00
5.194150364298599776e-01
-3.628997238903196365e+00
-3.763407221725987739e+00
-8.033166904351873860e-01
-1.949376871230841690e+00
-1.485440345201743728e+00
-7.565173502074875600e-01
-1.288884707329173374e+00
2.378028705958441069e+00
3.675240870178420494e+00
1.720172560995259170e+00
2.316717716786552916e+00
3.539388784227235796e+00
5.520849130706066976e-01
7.876469397547967155e-01
-4.808443987880372639e+00
6.100079251803163238e-01
6.515945504000135280e+00
-1.604021022810393271e+00
-2.524051316513278298e-01
-1.173301075444961983e+00
8.507625701684430330e-01
-2.419384640976160572e+00
-2.170763732215603703e+00
6.135578862902992814e-01
-1.050885800924360325e+01
4.310995896634358893e+00
2.952777375053027953e+00
2.315688522125076698e-01
-9.716862135442280168e-01
3.282671822564458441e+00
-8.991066987405589295e-01
3.914245243382577399e+00
1.822061317449383822e-01
2.078644523469739269e+00
-1.811128880153909937e-01
3.356007688336029471e+00
-7.932578458391810194e-01
7.538537731520936758e-01
4.094152397735826288e-01
2.020932746334452301e-01
1.941727234150201209e+00
-4.818205288222698002e+00
2.179491326535228168e+01
-5.922780899878590244e-01
5.012478690635002732e-01
-9.144615106473924726e+00
-7.593181002188272188e+00
2.188501819941991222e+00
1.156192015336194867e+00
-2.530498106694656801e+00
4.818075951531141321e+00
-7.805015851041248176e-01
-3.308006789855665319e-01
-1.986791493717068591e-01
1.822049785674221267e+00
2.292595537760343305e+00
8.930655359666686000e-01
5.401854370558829110e+00
5.583501702072635187e-01
-3.041870237523772502e+00
3.468871959712501063e+00
2.390450629290115092e-01
4.892030526627670906e-01
-4.974006002811703908e-02
-6.377794643736629521e-01
-3.709687297822336638e-01
8.309640162301076827e-02
-3.101430520170902483e-01
4.340082562263278820e-01
8.986784673519666811e+00
1.042031817231530155e-01
-1.276685593222908754e-01
-8.335806263500085134e-01
1.801840743214402130e+00
2.138569970411577259e+01
3.680731430035102392e-01
2.160141901407591769e-01
2.101798718995650184e+00
1.204167701934407420e-01
-5.839683253979621735e-01
1.287914683801816729e+00
1.311280824001180623e+00
-5.909873652635113661e-01
-5.038820796240748301e-01
1.221881406453746433e-01
-2.289775553004611552e+00
3.779114955123697328e+00
1.566714420454889511e+00
7.518699642074144762e-02
-7.630143753844789156e-01
-8.788282054587446268e-01
3.723477348266108766e-01
-5.721410161202300060e+00
4.826230236002059248e-01
5.234237657550135925e-01
2.112470576888093987e+01
3.224819251648177953e+00
5.067508198935671837e-02
-1.213113958234833056e+01
-7.642592854222707288e-02
9.913530264293260785e+00
4.997270805369186775e+00
5.674113072619026976e-01
-6.194193319208246784e+00
-1.056328225895083861e+01
-8.866421160541778645e-01
2.443771551804490016e+00
7.146680727272634037e-01
1.401737901735897296e+00
-8.421595870208036239e-01
4.029335416404866699e-01
2.201860971971765224e-01
3.465256566253192450e+00
5.694855464899786224e-01
7.694541721304498871e+00
5.576525941490330318e+00
-2.453206870216624313e-01
6.464171076415690997e+00
-1.283884314703811214e+01
-3.990716001985425976e-01
-7.273765660618973783e-01
9.203130994291908173e-02
-3.736002407992464747e-01
1.077844579540230274e-01
-2.061849629708475184e+00
1.147649182844278748e+00
2.348546957916022582e-01
-6.782508752810944230e+00
2.589092094861251692e-01
1.515049739871527912e+01
-6.954093701199131061e-01
7.904001944947813385e+00
2.302696692715859417e+00
-8.699071852673762706e+00
8.579297814291393376e-01
-1.054123097236189688e+00
-3.642909850728695886e+00
-1.349439248317244600e+00
1.970059999321682742e+00
8.203488824701526738e+00
-6.978175317201591454e-01
-5.428588442979794593e+00
-6.453441989762525033e-01
1.707780262588661913e+01
2.015268654012980498e-01
-9.641233083202036536e-01
1.219658768427607676e+00
-6.663544578671343199e-01
-6.841199028657372061e-01
-1.915783388563144340e+00
9.714360233481900142e-01
-9.455368648978312862e-01
-3.436196443949588453e-01
-5.602679819570625941e-02
-1.682706735364944972e-01
-2.663322140616470879e-01
-1.905896383095315727e+00
-9.573159352036995084e-01
7.603632877601196327e-01
-3.005162414260149628e-01
9.094472368340298374e-01
2.957944117795004324e+00
-1.446175776862901330e+00
3.361593654247538865e+00
5.908670206751400755e-01
4.049514648658121274e+00
2.354785601296759623e+00
1.706474861682154565e-01
8.815980572440507146e-02
1.845408109513317241e+00
5.561765946878783673e+00
-2.017329118880489602e+00
-8.259960344605360438e-01
-7.797827991507585432e-01
-6.303402577350687430e+00
4.763772469417804079e-01
-3.218808977773647495e+00
3.474525704853620667e+00
-1.140311023923130218e+00
-2.376341561416151382e+00
-5.708355159871498774e-01
3.460938651953651579e+00
-1.402573650956776552e-01
7.628102778677723350e-01
-1.816744870287226021e+01
6.438981693388035055e-01
1.678682413181349142e+00
-7.495968931264318513e-02
2.349583091154086922e+00
3.497042639000942366e-01
6.076568218480069561e+00
-8.341567984319591122e-01
-7.274220893874598914e-01
-6.348739609384070892e-01
-5.578322955501556768e-01
-3.686262802987069431e+00
-2.678159439496493377e+00
-9.893672512060232904e+00
-3.450844507646814385e+00
1.011966498366319023e-01
5.023204501103283093e+00
4.462252302824649242e+00
1.777916105608517150e-01
9.482205040864249312e+00
-9.915827357252062768e-01
6.316556803700446032e-02
-8.334505071530133868e-01
