8.026324855833188998e-02
1.594052645853079264e+00
7.292529639955218357e-02
2.670960132424279987e+00
-5.271937336407783725e-01
4.066929374733040170e+00
-3.028453354958584143e+00
-1.364900495804278080e+00
-3.446840086922442037e+00
1.655592992797615626e+00
-2.387217738013557522e+00
8.081045388499344284e+00
-4.184756714630681884e+00
-1.958568934372784565e+00
5.601170907726555015e+00
-3.516485110525358948e+00
3.300766112498797700e+00
-2.656017363607802828e+00
1.913338562020805433e-03
-6.757198575285272568e+00
3.341246805208675785e-01
6.733835422132304904e-01
8.518423090604631653e+00
5.094429045523097832e-01
-1.569187976232049753e+00
8.243781899010853564e+00
1.759512298863348256e+00
2.744664519496071708e+00
-1.988591901891184399e+00
-2.875357301155934131e+00
1.851294669909806290e+00
9.648671466504749716e+00
-1.184924023469992038e-01
-7.743165770878568388e+00
4.616287686756860964e+00
3.104453224104658515e-01
-3.796201618129785071e+00
-6.547698785960577084e+00
3.129441995443390523e-01
1.020377999555784898e+00
-3.987377535687346874e+00
3.207104415273042353e+00
4.974917697518924098e-01
-4.006140463441161259e+00
-1.575694555374699268e+00
-2.069250632029887849e-01
1.584437552177737352e-01
-3.883749647701841834e-01
-3.041801423759764034e-01
-2.949077024573258932e+00
-4.045684463938363784e-01
-1.794709374490679465e+00
1.062605997532213742e+00
4.887572004397120473e-01
1.004849053669368830e+00
-5.452998715607184632e-01
3.902087366034629468e-01
-6.882220446052181861e-01
2.426860060538381103e-01
-1.815039630729280151e-01
2.334706716623740075e+00
1.445960904674418845e+00
3.212840508442552090e-02
1.972467002162984651e+00
-5.245303471086026903e-02
9.529318926605495621e-01
1.642905885033389968e-01
3.439602846890271515e+00
2.384470956561083321e-01
1.078277439726600173e+00
-3.552236299955094712e+00
-2.330112177919649419e+00
-1.389533572870489397e-01
3.742510738362919476e+00
6.807682590984485138e-01
2.096295521025079989e+00
3.273364522392226306e+00
3.792191362840927837e+00
3.651060989321252004e-01
2.676490264196944580e-01
6.178067107758686838e+00
-7.933550880351432966e+00
4.777903900667593184e+00
3.201581398081509100e+00
-3.287807244401364404e+00
-4.467847231359516336e+00
4.785928820777080039e-01
3.613028848900222911e+00
6.231785958992114516e+00
1.009473750377820611e-01
1.160238949208056258e+00
2.312383606911331546e-01
-1.426748764092074184e+00
-3.366144985784632393e+00
2.263851268559861296e+00
-5.027968421696895618e-01
2.722124760758803053e+00
-1.341281643107663513e+00
-3.534669018955831188e+00
-4.194707770312996464e-01
-2.032742124622612501e+00
4.237101611909455112e-01
4.070696577546417672e-02
1.662313179272302488e+00
-2.398039034765167887e+00
2.681570200857282149e+00
-7.753541028737431784e-02
3.810278511584040739e+00
-4.580863100004778588e+00
-1.730305053296655737e-01
8.553130232702093050e-01
-4.557836876052151709e+00
3.945383047558816081e+00
-3.462883625801613241e-01
5.595157722754149354e-01
1.312525743588116356e+01
-1.778770087014978296e+00
-7.187741475992837081e-01
-1.035216723505379965e+00
-4.265380272051250143e-01
4.376292013225572930e+00
3.745737074267927014e+00
5.573825203921735749e+00
-8.192832700077617991e-02
-5.805219482672857367e+00
2.558456542073450635e-01
-1.091959209222562954e+00
-3.136497662538709208e-01
-2.464305223104354514e+00
2.154276189120936658e-01
3.448273310549431203e-01
9.953261041259084396e-02
1.668981650534221428e-01
7.797272208470725774e-01
-2.714535536772600399e-01
1.514022262079948389e+00
1.113800135625318877e+00
1.364964059780084060e+00
2.536911284704780556e+00
5.717129314064617773e+00
-3.523366873793010612e+00
-3.214749473888261821e+00
-2.601347796561200854e-01
-4.984121209586342416e-01
-3.466675426107049152e+00
1.912053531702067044e+00
-1.659879758183256282e+00
1.792670059120510917e+00
-2.528522875514608526e+00
4.624374933696465462e+00
-1.070874674908002255e+01
-1.603146309863525687e-01
2.468863217329883231e+00
-2.659304591792807093e-01
6.325841941111560729e-01
1.308683895429698874e+00
-5.988613660111020032e+00
6.211059213927550005e-02
1.630652735512468920e-01
-3.357648162971133665e+00
-2.541636730434371216e+00
9.613205138340941147e+00
-3.601193077441192658e-01
4.688111712675917531e-01
1.028930117664333288e+01
2.209851401828455963e-01
9.601883260290831057e-01
-5.849241177401032221e-02
5.474647936518178604e+00
-2.332925409627792934e+00
6.259840966019739383e+00
-4.235610115055618685e+00
4.604184040725124660e+00
-2.290320005392768032e-01
-2.022565563622647833e+00
3.000744862054199658e+00
6.344201365416646254e-02
-8.176045658727705279e-01
-1.671571927302944793e+00
-1.873691432518448940e-01
1.046513355043145133e+00
1.381163613584126537e-01
-3.508045212649089528e+00
5.683749113240208484e-01
4.749661855854107273e+00
2.445543145236841909e+00
1.004857921209265426e+00
4.643898796230505610e-03
1.812288616493260562e-01
-1.149605250217187624e+00
-2.309994752566248977e+00
8.144733312500777700e+00
-2.013390802275494273e+00
-4.265932171217897029e+00
-1.280770278825429376e+00
6.309520522700788892e-01
5.242337829580178798e+00
-8.073637597727941539e+00
-6.690362602500190548e-01
4.180542916946336618e+00
2.056682187108997972e+00
5.665029629226203678e-02
-3.774952413448249833e-01
-2.171873502960326441e+00
3.261925428623944967e+00
5.067297788256157620e-01
-2.613666230536070278e-01
1.069913377582294878e+01
1.372536410610815105e-01
-5.667638048571002063e-01
-1.577799212288468089e+00
-9.095862689109308619e-01
-2.296175420200250006e+00
-4.641057291378463123e-01
-3.299710975396306090e-01
8.621410951932028111e-01
-6.281317616437967821e+00
1.914438505516246725e+00
-2.972594471236747360e+00
3.865372231700764938e-01
6.196688199763618066e+00
4.415483083598441105e+00
-4.239694337876338537e+00
-4.711365352770457982e-02
-1.249247388923153679e-01
5.228592382653513226e+00
4.043779697181431487e+00
-3.917203456124973560e-01
8.523332788700876961e-01
1.193596696638569821e+00
-6.465145909393271717e-01
-5.012201392508032427e+00
-7.707717327501893756e+00
4.564625427328649065e-01
3.269396177957629046e+00
-2.630576335779866159e+00
5.664542941863209835e-01
-5.480317107007589783e+00
3.400222817807174724e-02
1.136194559098419488e+00
-8.061133927856218406e+00
-4.739855182695642988e+00
-1.775842202183991247e+00
-1.060444582399361346e-02
3.436624897664849243e+00
-1.923428460075617075e+00
-4.237203894824959072e-02
1.772550507906280881e+00
-2.394968544880906602e+00
1.975053665425360538e+00
-1.410435474349168938e+00
7.053979282979051746e+00
-1.512227498687149785e+00
-4.599482508465146946e-02
-8.928308360158375701e-01
-4.465948684807482749e+00
3.603359522623575728e+00
-5.681013579900252575e-01
-4.006492017284813412e-01
-8.195105346411872826e-01
-5.907155347872271811e+00
-3.012340096958503466e+00
-9.869774412198655256e-01
1.191964115871643770e+01
-1.899108680465415588e-01
