-1.414486140154296834e+01
-5.522308666635279001e-02
2.385084922088695492e-01
5.275100383503902535e+00
7.410735396610090842e-02
6.194200741274947797e-01
1.020659173989109381e-01
2.316492628974223811e-01
-6.191692583974002240e-01
-4.168063804932301553e-01
-4.478133641685457661e-02
-8.701167471861691594e-01
-1.766955267925252593e-01
-4.952557460875416789e-02
-7.790857714514851651e-01
-9.433390524726095738e-02
1.806884719609453405e-01
-5.216404162742962480e-01
6.196853809548208414e-01
-3.455737082540101812e-01
-4.536367747072668211e-01
-3.516414522596585934e-01
9.543109107442732109e-02
7.441858316791638117e+00
-3.502194689246962422e-01
2.445178820572143641e-01
2.865770368252454348e-01
8.310035557712843746e-01
5.860776010416728354e-01
5.992936367921765317e+00
1.862812879834890023e-01
-8.479577494492454015e-01
-4.597741703684348619e-02
-6.628117583039827565e-01
-6.498708012568348291e-01
-2.293107728691526903e-01
8.309662549582275126e-01
-5.783152270699766229e-01
8.603356078027398768e-01
-2.004632381497933324e-01
8.033100910480950319e-01
8.863602774217018698e-01
-9.202702745634397941e-01
-7.043542874612783722e-01
1.336334772718629438e+01
-7.260056723173944349e-01
6.974770818037425713e-01
-8.440762415588284329e-01
9.694242349704496053e-01
-4.413573444524443445e-02
-7.430398539853755313e-01
9.446639934107849967e-01
-2.869162034139729478e-01
-4.937648844191281916e-01
7.017945540571128848e-01
-5.638791963964566722e-01
7.732644646685883361e-01
8.881080050601697362e-01
-4.699983674259602395e-01
5.144302152078328305e-01
5.525531835538404213e-01
-5.580488566919946519e-02
1.125260604822133359e-01
6.660074241993766408e-01
-3.265169172927057772e+00
1.246006536187492519e-01
3.421572364213045780e-01
3.251444180529885347e-02
-2.042601894577428245e-01
-4.872710391377330197e+00
-2.952893589220026982e-01
-8.646747052394437860e-02
2.639131527209888639e-01
-9.740119650536657181e-01
5.568247574498333741e+00
-7.961099307217407439e-01
-2.446072125296591682e-01
-2.284367289508877352e-01
5.738176666004990434e-01
-9.837345501275609472e-01
-9.101297146143924044e-01
1.008128160586102995e+00
8.277077741616203355e-01
1.670351407950129707e-01
1.676494140222051787e-01
5.451533197016465992e-01
8.511519777853232549e-01
3.588179372480249096e-01
-3.993751374768413354e-01
1.961856407911103939e-01
-1.685480919581594073e+00
1.238646677844950084e-01
-1.057898982369296803e+01
4.604732712549617357e-01
-1.633491162337694369e-01
1.766043039289759697e-01
-9.406372713341885072e-01
8.234361904938285459e-01
1.978144532305152470e-01
9.101898520884710297e-01
-1.091516488402571028e+01
7.908952075474449117e-01
9.339447635159794370e-01
4.158265516945009455e-01
2.643909226646170563e-01
-2.053141439332115681e+01
-1.805072864017759904e-01
-2.025319807065300015e-01
2.440183824588252892e-01
-1.776720656852813107e+01
-3.480820629254540166e-01
7.823970074832042876e-01
-7.378058649312324579e-01
-7.354776583379313282e-02
-7.185338698470381757e+00
4.817831032919482892e-01
3.811572110035432726e-01
5.144888736382264849e-01
-9.379056478721491397e-01
-5.751451694477678345e-01
9.955982325209392081e-02
-4.232186525785612830e+00
7.642094103540570948e-01
-7.215719728368680252e-01
1.023956638395074892e+00
1.384339553824818303e+01
-8.419138343983448847e-01
-6.443774901777230557e-01
-8.016574408371504590e-02
-1.272503197093932670e-01
-6.091174844168207869e-01
8.745673562263188705e-01
-8.691869224077733991e-01
7.680101881996319602e-01
-5.881370383897666088e-01
-6.966252210397525513e-01
-8.478781678052888182e+00
8.799156204132829728e-02
3.017641102381289631e-02
8.444637585761785026e-01
4.384217108017526843e-01
8.999321062608578448e-01
-9.863279729298268350e+00
5.617204019578450058e-01
-8.073634620619432045e-01
-7.202248357999071482e-01
-1.123195475890123340e+01
9.751738147872281992e-01
-7.853194109558464753e+00
4.971616274164619154e-01
5.861673725989031691e-01
8.534755075582749484e-01
3.376653456720912772e-02
-2.056632311093301024e-01
3.843672013918646990e-01
8.983323676337715114e+00
-2.603641155927941142e+01
-2.137480481176390057e-01
-4.522399062064579867e-01
8.575553357092702278e-03
-5.777927194619165707e-01
8.546357028789008936e-02
5.385271895233524342e-01
-6.207989495903597499e-01
-6.600528143112147639e-01
2.333369514012240842e+01
8.254949944429974540e-01
-7.628708350389989956e-01
6.076299216560270278e-01
-6.228841560121396448e-01
-4.585428631799547960e-01
-2.975475573174319877e-01
-1.539994242082622644e-01
-3.490472886418135023e-01
4.024036662458478353e-01
-2.878525174521113783e+01
-1.326292141187694062e-01
-1.302920205267276543e+01
7.729531403137196444e-01
3.497875852007016895e-01
1.008728818805729954e+00
4.314962728493171973e+00
-7.763956314233581679e+00
-5.913018813808396112e-01
6.562309817283602520e+00
2.105731721374921595e-01
-1.885729747110380106e-01
3.902848883058747109e-01
2.458097167678680028e-01
-6.272758379828519137e-01
-2.675814445487054272e+00
3.818034130720862063e-01
8.865901319724605045e-01
-9.455950069272068603e+00
-8.661730864640464489e-01
5.159838279744859424e-01
2.278799110207826217e+01
1.308880874134490568e+01
2.308915125578054617e-01
8.856793535919588178e-01
9.336731441302401624e-01
-4.914981724265159446e-01
-5.831439693000052271e-01
-1.602492534618566999e-01
4.000155293539039980e-02
6.736764393238834359e+00
1.144626816636004213e-01
1.008373913766750229e+00
3.602441424007962745e-01
-1.113377719487709250e+00
5.870861215969180869e-01
2.181917921794928605e-01
-5.294130540517596462e-01
3.580533368461750188e-01
4.140081384652789520e-01
-3.991553152503717339e-01
-2.917365668181262084e-01
5.089579279869949069e-02
-9.433539304958273863e-01
7.383675899959929456e-01
3.403065240550502413e-01
5.536393985886811642e-01
-2.053807961178333585e-01
8.162307322173562030e-01
-6.768417245700519835e-01
-2.821758911362642896e-01
-2.074361277103413115e-01
-5.112727681541207048e-02
6.464521233157696223e-01
-1.677239176312449453e-01
5.117672790198419808e-01
-9.715713556000100670e-01
-5.607037353855622852e-01
1.712576546330222271e+01
1.110438743126851868e+00
-7.850740082302936074e-01
-1.213966833284607638e-02
-7.403978041420337108e-01
9.987402289446944970e-02
-4.648416603121288126e+00
-8.173623292094411852e-01
8.410447256630972090e-02
5.257724914950565598e-01
1.357535836593944900e+01
1.519891060521509907e-01
1.041277040043134539e-01
1.733185638094265624e-01
-1.002681387303528959e+00
8.864270627505259625e-01
-5.925013417026171458e-01
-2.580659167846569707e-02
6.462707224536484718e-01
5.951727424050653470e-01
6.020866472249057910e-01
2.705655289132755104e-01
-4.598655759512093044e-01
-5.239008288476818542e-01
-3.709430738558003871e-01
1.419897048285234664e-01
-2.369354728281133360e-01
-4.877734352215772062e-03
6.203820148609398011e-01
9.254034010367964136e-01
3.277415781727395228e-01
2.572894322018011160e-01
