2.635956277768509715e+00
-5.695734434409538416e+00
2.454394723320024729e-01
7.289132016515081913e-02
-6.254743414921909661e+00
-3.436161756863365113e-01
1.799638920652491259e-01
3.414732435024482538e+00
6.654561277639110539e-01
8.397795780725438419e+00
-4.838470636808216985e-01
3.908139178866092411e+00
1.415416348841456728e-01
1.990567915597645232e+00
-1.918134732820836685e+00
-5.646461754098787367e+00
-1.656344184010313914e+00
-1.730987927303561325e+00
-9.443836249974793873e+00
1.033540825721566314e+01
1.835418302993911954e-01
2.599997395184109106e+00
-1.200557734598804771e+00
-1.226200838610679855e-01
6.215576870878276594e-01
1.500385305469436048e-01
1.021301957258248905e+00
3.515287935476051340e-01
7.787506713517766688e-01
-1.610322762485400716e+01
-1.189171056514783498e+00
4.670044458073916993e-01
-1.342865758821184752e+00
4.701266389615862268e-02
2.228368216585522976e+00
8.585169707536975281e+00
-3.886973259232692213e-01
-3.942850481067367241e+00
2.085294215937337103e+00
-9.295273182680631185e-01
-1.061298190041787493e+00
2.396516308115012706e+00
-1.164778418517519176e+00
-8.401821112907339462e-01
-4.241136529223329399e-01
-2.064936594487349453e+01
-1.348990520367181478e-01
4.645114133048426908e+00
-1.286045003118380414e+01
-5.043747914228492668e+00
8.642009559586333323e-02
-2.795527685566969178e-01
-5.018943282488845803e-01
3.077423615775306764e+00
5.511175663337356534e-01
-3.276001834865385209e-01
1.161252441450428829e-01
2.018899905261459793e-01
4.526179987051567877e-01
-3.953867957976503478e-01
-1.077340858846364213e+00
1.474716820834353292e+00
-6.938121902038707489e+00
2.002177105482997099e+00
5.625431300677915303e+00
-2.751508690784624789e-01
1.306316814216520505e+01
-1.151464990073116645e-01
8.283250365408867388e-01
6.524912113617631348e-01
2.649340205468801113e+00
-1.837413239042799962e+00
-2.513984687678681773e+00
-6.830828684313530186e-01
-1.235728882485675806e+00
-4.502131563721382790e+00
-5.452135626681993141e-01
2.645744788225384281e-01
-3.392105424464640251e+00
-7.154436940817763713e+00
1.382902749867371273e-01
-2.031086695980146573e-01
4.645930662266183120e+00
4.748999150026262939e-01
-1.606174205271422739e+00
-2.949342539226942783e+00
5.709891154917663414e-01
-3.432182441373383130e-01
3.311696612832413678e+00
-4.957702925085322399e+00
1.000523248683270888e-01
1.701859295025133445e+00
3.974199489239687022e-01
-3.559629852093217917e-01
-4.436928619882806735e-01
5.897457245451926955e-01
-1.669110673653332100e+00
-1.024240705907777915e+01
4.307381023503283335e-01
8.129309847988097637e-02
-2.291811543004450780e+00
-4.013588986080123162e-03
4.590614546955416597e-01
4.278772776852576287e-01
-2.077398211597972777e-01
8.922379101145891056e+00
3.856189562993440401e+00
-3.429759815068005313e-01
-5.277046163953598157e-01
3.594186244159399912e+00
2.846090300416445062e-01
1.978564855159659963e+00
-1.517432204273483354e-01
-7.740007186098791792e+00
4.106023205633201334e-01
2.343023475688900792e+00
-1.295913758489547485e+00
3.845319857383050488e-01
-4.596614523140463149e-01
-6.389718926519917908e+00
-7.461439888094566264e+00
-1.913838142759268501e-01
2.823991799613072007e-01
3.629552436349443578e+00
-7.934037377477725084e-01
-7.949282671242108300e+00
-9.559110727308319788e-01
-5.101875423227124617e-01
2.160158988937033619e+00
5.712066857477151594e-01
2.004546812439461090e-01
1.209699540412192964e-01
-9.085220580046482475e-02
-7.649524542124428450e-01
-2.368651663383293027e+00
-7.417868997101007000e-01
-1.862707964534258132e-01
1.479007644786371367e+00
2.479276169837949073e+00
-1.189691223256121311e-01
4.970005109481719252e+00
1.313486732200401441e+01
-1.113208527493009647e+01
8.769322238345239384e+00
1.362440572535142813e+01
-1.718764348136788467e+00
-3.033976626469713778e-01
-7.194276827287843235e-02
-1.557576198493056507e+00
-1.066311439807451045e+01
-8.385921612976670048e-01
1.718826206731845829e+00
-1.440522711603577255e+00
-1.177217723568682750e+01
-2.545929266710489358e-01
-9.442197856086815833e+00
-2.985212782202343873e-01
1.214086504570390801e-01
-3.243787581972117806e+00
1.876416203195878651e-01
1.374290371413386502e+00
1.269039041003139912e-01
-4.307333845124652338e-01
2.071605424771080006e+00
-3.301361237449470520e-01
-6.631303087999874002e+00
2.875440880416000322e-01
3.017620520624336722e-01
5.782480837151853237e-01
9.255497423000087487e-01
5.747965266790504124e+00
-1.006498067647002559e+00
-1.791937834252693706e-02
6.160360749589677276e-01
-7.707020512465922124e+00
-4.809456684030524620e+00
4.055158744889230782e+00
-8.037233045392948583e-01
4.358992415377367369e-01
-1.109927139023608511e+00
-5.288031880808701679e+00
1.109227680073491262e+00
5.548047170944994111e-01
2.951310581575864234e+00
9.693273191077944162e+00
8.014633481452375641e-01
-5.737333767432684084e-02
7.367849376961428831e+00
2.044804348440941499e+00
9.919907004789929594e-02
-1.407638340274250943e+00
2.772378664511289337e+00
5.443278630809913476e-01
2.403690700759945287e+00
1.320375107089826860e+00
1.413168289827004265e-01
3.028036866913724756e-02
-4.401115869090673760e-01
-6.198402990330910134e-01
5.436764613843575233e+00
-1.396613706509687702e+01
1.905981734413005002e+00
-3.433987790876186219e-02
-4.376386696402501109e-04
-1.298865876961538268e-01
-3.384980733880730286e-01
5.452266334093246236e+00
4.581068386540666282e+00
1.311781306752324294e+00
2.833800652752244131e-01
-7.366541403475478367e-01
-8.543090560955821644e-01
-5.111088410083850647e-02
-1.673592777255216157e+00
4.487636084902297817e+00
-5.395711356394993885e+00
-2.246452284376005970e-01
4.991481919603316664e-01
-1.371611953549955465e-01
1.074587396285317453e+01
-5.811898742443922794e-01
8.356616186530368973e-01
1.014102262000510235e-01
1.321578585720717403e-01
5.619091356833960660e-01
-9.379897326804364610e+00
1.536246055080426665e+01
-1.761972804290650452e-01
-2.310834971426275475e-01
-5.449630489866000849e-01
-5.127530198284591112e-02
7.490567145932225834e+00
1.047618874217524088e+00
1.482786223569028117e+01
8.609438374835167718e-01
-9.659981176145233939e-02
3.021044524552959909e-02
-7.594784515880292908e+00
-1.017132206848063447e+01
-6.874136782181242689e-01
-3.459012131199552531e-01
-4.385842847070894557e+00
-1.357232534036416360e-02
5.117398724740312765e+00
7.926834411072842812e-01
-3.761590843975962661e-01
6.280951653289723602e-01
-2.551129944252466530e-01
1.758201313623884587e+01
1.863388826784400543e+00
2.188098785841078864e-01
-4.400631737692073386e-01
-2.366458527281200819e-01
-6.814574818739870032e+00
2.906587671804594653e+00
5.938822644115329119e-01
-4.091981297006305418e+00
-2.549268176556280352e+00
6.558022929258413569e-01
-6.939617361229925008e-01
-7.750664012052088658e-02
-1.731440447007457362e-01
1.536475880485129153e+01
1.581220483720154002e+00
5.278123438459685346e-01
