-2.417610511453427424e+00
2.264974022896771300e-01
1.911261812662799375e+00
9.364399161430118079e-01
-9.230495620974762394e-01
4.814152518896906763e+00
4.206117559404953105e-02
2.153567015936357354e-01
2.334530692809819868e-02
-2.537647153414556378e+00
-4.903258542934391784e+00
3.418130764377723452e+00
4.074992065613882275e+00
4.003976609291772348e+00
-2.752104202027507718e+00
-6.095232401916268472e-01
-3.530523500727204000e-01
-2.516442728136685236e-01
1.231398633452579272e+00
1.314549850954503496e+00
-7.351890433875298836e-01
-8.966861905835337154e-01
-3.841862152398421992e-01
-2.786634483439744958e-01
-2.395867453954939386e+00
2.541562900833098659e-01
4.421164102313001609e-01
-3.000902814873105395e-01
-2.738643522432083532e+00
7.014011343123427444e-01
4.601127368207679424e+00
2.290513367011188794e-01
-3.694353530163398069e+00
1.347790843479643730e+00
1.037613964040770043e+01
-8.028127899364138287e+00
-5.361250100525547069e+00
-4.065313208637644671e+00
-1.058284675319414703e+01
1.469236995862299444e-01
-9.371412052449241692e-01
-7.180378552077761878e-01
6.887951814010918605e-01
-5.042703759151477172e+00
-7.650807742230623099e-01
-2.028154412334171930e+00
9.159991830566807103e-01
6.427087243053231091e-01
5.205022740747160537e-01
-3.306608956705923696e-01
-8.614196998737677635e-01
5.775941208253616566e-01
-1.438586401552893745e-01
6.225058721212704427e+00
-4.507663880489978236e-01
-7.905922084312086984e-01
-1.365586701941684744e+01
1.357626540608254295e+01
2.200098831435795432e+00
-3.119536186073177397e-01
-2.574591068168278429e+00
2.790319907779445607e+00
-1.060135885529988720e+00
-5.026867044458985134e+00
3.645144717333930195e-01
-5.205804428762300873e+00
-1.557635671754188933e-01
-8.000631542688609876e-01
-1.129453662235904599e+00
7.647167150411186221e+00
-7.307678981208829416e-01
7.293297753873924094e-01
3.102822004227481667e+00
-5.179086423088450353e-01
-1.917502231671482260e+00
8.063037221454374404e-01
-3.580178307749168898e-01
5.083546320672257757e+00
-7.648443497035810168e+00
-3.934510567951925886e+00
-3.863755010362173614e+00
-3.011649299996571827e+00
5.433242102486929959e+00
-8.149943008226759877e-01
-2.176620095723906800e+00
-6.361353464437357275e+00
-1.887188131492879006e-01
1.863896782433524191e+00
4.056528372187768738e+00
-6.154118842233510911e+00
-4.434982570745625630e+00
2.457619967084497536e-01
9.138671210908702047e-01
4.033702980779535485e-01
-2.345062334522873826e-01
-6.476959218560965681e+00
1.336733392972414558e-01
6.963501310394475396e+00
-2.254261169628789752e+00
-8.797653478481679556e-01
1.034169297677322463e+00
-1.177283257261570570e+00
-1.305326425698269688e+01
5.794430545110097697e+00
3.668893550203073950e+00
4.287382452581470105e+00
-2.009318198233173902e+01
3.383540056095939441e+00
-7.387378820063568163e-01
-7.961249499844051947e-01
1.469715325838139686e+00
-1.327003287033550905e+01
-1.564101461662887882e-01
3.641511615525254708e-01
1.068236349639231975e+00
-1.427093818837705896e+01
-6.780341647862582199e-01
1.279907613278481371e+01
4.386148975503010305e-01
-2.567636644440247640e-01
4.612258709251584321e-01
-1.144692136025358131e+00
1.002377012126187683e-01
-9.044661897578880616e-01
-7.202194346449889428e-01
-1.273324006915391160e-01
5.268640294414090874e-01
1.041613527653677762e+00
-3.258036618652135341e-01
1.254080196218372123e+01
-3.924414020740971676e-01
-1.083548857735088800e-01
5.236339817947405217e-01
7.443519104851377133e-01
2.428207581533084469e-01
2.349396412487796404e+00
-2.469783986667648534e-01
-3.425940404018712471e-02
-5.417736100090293772e-02
3.460025826327939313e+00
-6.585992973141995499e+00
-2.932816722205695559e-01
1.132259730159165118e-01
7.168549035713896345e+00
-8.795995621640460005e-01
-1.172072115759477784e+00
-6.928644484415772409e-01
-9.445995026470068723e-01
-1.188528813428817799e+01
-4.137089809838310761e-01
3.551681201488282036e-01
8.452780631999548433e+00
3.717019763035055158e-02
2.131179424081115492e+00
-4.216726096653136691e-02
-1.072079646625217375e+00
-9.916587546548745191e-01
-3.610670454944546748e-01
3.316954136737010117e+00
2.108680711521532913e+00
-4.280778733233794320e-01
8.656025202939046648e-02
1.224990363157900886e+00
-1.510686406488925826e-02
-1.199698163413957186e+00
-6.532520505107504150e+00
-1.223536672008676884e+00
-6.527244388923004736e-01
1.050933306999491279e+00
-2.457455705674283841e+00
-2.810255671907050612e+00
3.916520760578781069e+00
3.595039686996471251e-01
5.576930505625965040e+00
-6.947367405446575050e-01
1.107787215666342640e+00
8.677810068880178473e-01
-6.209431513394214619e-01
-5.759386630313900746e-02
-6.654379020153907698e-01
1.238368762328723394e+00
-1.052496871733714645e-01
-5.373571745859682114e-01
7.675928188648144523e-01
-2.509468888855821422e+00
-8.508128953817892803e-01
-1.022478685423961764e+01
-1.047252209919372845e+01
4.908404319918836300e+00
5.697773656301787781e-01
-1.367195986761432991e+01
1.310713025646881746e+00
-7.944678419405779568e-01
-3.106128964769396816e-01
1.076257475422951249e+00
-5.018295430407008206e-01
-1.773465864141061132e+01
-6.681493446338704345e-01
-4.520373176840672969e-01
5.587921893708787113e-01
-4.493469022735705920e+00
-2.060485694216318553e-01
-3.023378960247997682e-01
5.508580814171941675e-01
5.064375471378360416e+00
-4.983972175606439237e+00
-2.751340018660263453e+00
3.771970625613409123e+00
-6.398165154274544353e-01
2.260350645603682374e+00
-5.632046465344463515e-01
-1.120695820383216912e+00
-3.197781797814480242e+00
7.495947554293624471e+00
7.791609177812678366e-01
1.739223900547969270e-01
2.519066654703386865e-01
1.593884422111145671e+00
2.089319081046852600e-01
8.716255272884495531e-01
3.878844351715345695e+00
-8.267491317467936085e+00
-3.108398615692495426e+00
1.295658152649416195e+00
5.570298101621341758e+00
7.500119923770398600e-01
-5.851925648180371642e-01
-4.622758837746789862e-01
-5.141522482952176176e+00
8.556539552347546262e-01
-1.028673630392267446e+00
-1.851393225321659175e+00
2.989184617187301107e+00
4.766811547816139694e+00
-4.700020611811431270e-01
-6.391455038807701827e-01
-5.009335208088646629e-01
-3.797366597280093181e+00
2.766889932766294180e+01
7.342269611141205576e-01
1.389852287875441572e-01
2.565309436648512964e+00
-3.444281391417079452e-01
-9.981636033283602938e-01
-3.280863455771092063e+00
1.555743818386033928e-01
-9.477162141702621945e-01
-8.555714508406746521e-01
3.903458830591301498e-01
1.246996157678374217e+01
5.824710006898075054e-01
-6.218044138307254887e-01
1.456964918630460071e+00
2.937378305334689133e-01
-2.503097002290640138e-01
1.373150664221579054e-01
-5.041149603714681682e+00
2.173270016870660459e+00
1.603593871834957663e-01
4.351597954208548114e-01
-4.064682871648195306e-01
5.335967186174322308e+00
-4.447117891961877234e+00
-7.729098578125328523e-01
3.767008119226004648e-01
