
0 91.963047 11.619613 31.459264
1 91.963047 33.609219 38.255532
2 93.002788 60.894239 32.650465
3 93.002788 81.90034 12.352304
4 93.002788 88.86862 3.122319
5 93.002788 89.743892 2.754529
6 93.409567 91.054761 1.327706
7 93.409567 91.964648 0.597307
8 93.409567 92.239596 0.545813
9 93.409567 92.535259 0.465678
10 93.409567 92.803528 0.373478
11 93.409567 92.956601 0.307843
12 93.409567 93.107716 0.22836
13 93.409567 93.244234 0.151965
14 93.409567 93.336558 0.098245
15 93.409567 93.347169 0.12455
16 93.409567 93.388889 0.062034
17 93.409567 93.399228 0.045067
18 93.409567 93.409567 0.0
19 93.409567 93.401296 0.04052
20 93.409567 93.409567 0.0
21 93.409567 93.409567 0.0
22 93.409567 93.409567 0.0
23 93.409567 93.409567 0.0
24 93.409567 93.409567 0.0
25 93.409567 93.409567 0.0
26 93.409567 93.409567 0.0
27 93.409567 93.409567 0.0
28 93.409567 93.409567 0.0
29 93.409567 93.409567 0.0
30 93.409567 93.409567 0.0
0 93.050924 7.896633 28.782451
1 93.050924 25.629869 35.450351
2 93.050924 49.264145 34.274435
3 93.050924 74.091437 19.708763
4 93.050924 87.249333 6.416308
5 93.088012 90.594923 1.68422
6 93.409567 91.708978 0.768126
7 93.409567 92.120696 0.541368
8 93.409567 92.494013 0.497369
9 93.409567 92.815487 0.406948
10 93.409567 93.090309 0.256882
11 93.409567 93.250847 0.146705
12 93.409567 93.334221 0.097456
13 93.409567 93.390051 0.057003
14 93.409567 93.409567 0.0
15 93.409567 93.409567 0.0
16 93.409567 93.409567 0.0
17 93.409567 93.409567 0.0
18 93.409567 93.409567 0.0
19 93.409567 93.409567 0.0
20 93.409567 93.409567 0.0
21 93.409567 93.409567 0.0
22 93.409567 93.409567 0.0
23 93.409567 93.409567 0.0
24 93.409567 93.409567 0.0
25 93.409567 93.409567 0.0
26 93.409567 93.409567 0.0
27 93.409567 93.409567 0.0
28 93.409567 93.409567 0.0
29 93.409567 93.409567 0.0
30 93.409567 93.409567 0.0
0 91.894055 10.628853 30.339069
1 91.894055 35.02617 39.733322
2 92.658358 61.166093 32.833186
3 92.658358 82.352388 11.75991
4 92.937405 89.677973 2.543272
5 93.409567 91.265096 1.191771
6 93.409567 91.745259 0.686165
7 93.409567 91.796407 0.835514
8 93.73194 92.18869 0.598334
9 93.73194 92.439725 0.519803
10 93.73194 92.643942 0.446088
11 93.73194 92.851575 0.330969
12 93.73194 92.951878 0.346843
13 93.73194 93.093082 0.27356
14 93.73194 93.219299 0.223784
15 93.73194 93.348269 0.13725
16 93.73194 93.333093 0.297457
17 93.73194 93.469308 0.10721
18 93.73194 93.536291 0.117568
19 93.932142 93.629507 0.113391
20 93.932142 93.710267 0.094737
21 93.932142 93.785994 0.088882
22 93.932142 93.840049 0.09978
23 93.932142 93.90011 0.073395
24 93.932142 93.932142 0.0
25 93.932142 93.932142 0.0
26 93.932142 93.932142 0.0
27 93.932142 93.932142 0.0
28 93.932142 93.932142 0.0
29 93.932142 93.932142 0.0
30 93.932142 93.932142 0.0
0 91.84704 7.77231 29.09216
1 91.912404 31.742351 40.181659
2 93.002788 56.019444 35.599991
3 93.002788 80.482716 15.514962
4 93.409567 88.723143 4.941885
5 93.409567 90.82198 1.505872
6 93.409567 91.615292 0.729665
7 93.409567 91.944292 0.658972
8 93.409567 92.349975 0.56893
9 93.409567 92.706958 0.409187
10 93.409567 92.88794 0.280291
11 93.409567 93.034328 0.220745
12 93.409567 93.148186 0.167342
13 93.409567 93.250262 0.114709
14 93.409567 93.305575 0.098844
15 93.409567 93.358487 0.084892
16 93.409567 93.368483 0.100308
17 93.409567 93.405988 0.025365
18 93.409567 93.409567 0.0
19 93.409567 93.409567 0.0
20 93.409567 93.409567 0.0
21 93.409567 93.409567 0.0
22 93.409567 93.409567 0.0
23 93.409567 93.409567 0.0
24 93.409567 93.409567 0.0
25 93.409567 93.409567 0.0
26 93.409567 93.409567 0.0
27 93.409567 93.409567 0.0
28 93.409567 93.409567 0.0
29 93.409567 93.409567 0.0
30 93.409567 93.409567 0.0
0 92.688012 13.367092 33.743996
1 92.688012 33.435555 38.130295
2 92.688012 57.318546 31.40457
3 92.688012 79.143116 15.801275
4 92.688012 88.887275 3.402525
5 93.409567 90.66246 1.679133
6 93.409567 91.338587 1.179526
7 93.409567 91.836078 0.512557
8 93.409567 92.081519 0.568254
9 93.409567 92.459207 0.504613
10 93.409567 92.796235 0.433507
11 93.409567 93.098263 0.279643
12 93.409567 93.278395 0.150877
13 93.409567 93.355847 0.09063
14 93.409567 93.390957 0.059177
15 93.409567 93.386907 0.064459
16 93.409567 93.397203 0.048941
17 93.409567 93.409567 0.0
18 93.409567 93.409567 0.0
19 93.409567 93.409567 0.0
20 93.409567 93.409567 0.0
21 93.409567 93.409567 0.0
22 93.409567 93.409567 0.0
23 93.409567 93.409567 0.0
24 93.409567 93.409567 0.0
25 93.409567 93.409567 0.0
26 93.409567 93.409567 0.0
27 93.409567 93.409567 0.0
28 93.409567 93.409567 0.0
29 93.409567 93.409567 0.0
30 93.409567 93.409567 0.0
0 87.93704 7.685451 26.644168
1 91.790514 29.367527 37.409786
2 92.596054 57.494324 35.686932
3 92.596054 81.820014 14.812271
4 93.409567 90.067047 1.922467
5 93.409567 91.272941 1.238237
6 93.409567 92.001258 0.541147
7 93.409567 92.249125 0.472332
8 93.409567 92.525559 0.430647
9 93.409567 92.732275 0.358505
10 93.409567 92.974986 0.244045
11 93.409567 93.09205 0.186278
12 93.409567 93.196218 0.153496
13 93.409567 93.26594 0.130816
14 93.409567 93.323899 0.099123
15 93.409567 93.358244 0.087134
16 93.409567 93.4075 0.020574
17 93.409567 93.399228 0.045067
18 93.409567 93.409567 0.0
19 93.409567 93.409567 0.0
20 93.409567 93.409567 0.0
21 93.409567 93.409567 0.0
22 93.409567 93.409567 0.0
23 93.409567 93.409567 0.0
24 93.409567 93.409567 0.0
25 93.409567 93.409567 0.0
26 93.409567 93.409567 0.0
27 93.409567 93.409567 0.0
28 93.409567 93.409567 0.0
29 93.409567 93.409567 0.0
30 93.409567 93.409567 0.0
0 92.937405 10.500613 31.210775
1 93.396054 27.836082 35.697435
2 93.396054 51.054719 32.945797
3 93.396054 74.363985 19.542672
4 93.396054 87.572862 6.453091
5 93.396054 90.635291 1.825457
6 93.396054 90.318895 4.480276
7 93.396054 91.743623 0.769044
8 93.396054 92.073047 0.572406
9 93.396054 92.31913 0.483827
10 93.396054 92.617106 0.347084
11 93.396054 92.797876 0.229867
12 93.396054 92.887407 0.208738
13 93.396054 92.999111 0.176627
14 93.396054 93.074857 0.152427
15 93.396054 93.135379 0.140302
16 93.396054 93.21659 0.07941
17 93.396054 93.233942 0.067309
18 93.396054 93.231822 0.091332
19 93.396054 93.239664 0.108861
20 93.396054 93.235931 0.133979
21 93.396054 93.281466 0.111608
22 93.409567 93.337319 0.079714
23 93.409567 93.379767 0.026452
24 93.409567 93.396189 0.001345
25 93.802788 93.400256 0.040478
26 93.802788 93.412593 0.079671
27 93.802788 93.449199 0.136695
28 93.802788 93.57122 0.201138
29 93.802788 93.69324 0.180138
30 93.802788 93.802788 0.0
0 92.646708 8.806322 28.121056
1 92.646708 30.762092 37.828862
2 92.90625 58.81912 34.992077
3 92.90625 82.429929 13.669915
4 93.002788 89.795276 2.778622
5 93.207043 91.238458 0.964612
6 93.209567 91.707229 0.670692
7 93.209567 91.753056 0.945918
8 93.409567 92.188475 0.635862
9 93.409567 92.383891 0.578011
10 93.409567 92.668535 0.412251
11 93.409567 92.93521 0.243719
12 93.409567 92.967473 0.383814
13 93.409567 93.128605 0.175021
14 93.409567 93.207434 0.181554
15 93.409567 93.304496 0.103315
16 93.409567 93.346066 0.090965
17 93.409567 93.389122 0.057885
18 93.409567 93.409567 0.0
19 93.409567 93.409567 0.0
20 93.409567 93.409567 0.0
21 93.409567 93.409567 0.0
22 93.409567 93.409567 0.0
23 93.409567 93.409567 0.0
24 93.409567 93.409567 0.0
25 93.409567 93.409567 0.0
26 93.409567 93.409567 0.0
27 93.409567 93.409567 0.0
28 93.409567 93.409567 0.0
29 93.409567 93.409567 0.0
30 93.409567 93.409567 0.0
0 91.490612 10.603731 31.048604
1 92.64704 33.606706 39.025226
2 92.64704 59.799913 33.115875
3 92.64704 81.733004 12.151715
4 93.002788 89.538583 2.640995
5 93.002788 91.05293 1.33567
6 93.072124 91.700279 0.392492
7 93.202788 91.812375 0.457491
8 93.202788 91.998127 0.484301
9 93.33194 92.305999 0.452216
10 93.409567 92.614625 0.325756
11 93.409567 92.817084 0.269038
12 93.409567 92.903089 0.307312
13 93.409567 93.055183 0.299034
14 93.409567 93.252916 0.193349
15 93.409567 93.330601 0.097222
16 93.409567 93.374214 0.052492
17 93.409567 93.399825 0.033483
18 93.409567 93.409567 0.0
19 93.409567 93.401296 0.04052
20 93.409567 93.409567 0.0
21 93.409567 93.409567 0.0
22 93.409567 93.409567 0.0
23 93.409567 93.409567 0.0
24 93.409567 93.409567 0.0
25 93.409567 93.409567 0.0
26 93.409567 93.409567 0.0
27 93.409567 93.409567 0.0
28 93.409567 93.409567 0.0
29 93.409567 93.409567 0.0
30 93.409567 93.409567 0.0
0 91.490612 11.341841 29.311574
1 92.64704 35.493001 38.706586
2 92.64704 62.438494 31.532365
3 92.796054 82.084048 13.604247
4 93.050924 89.824142 2.571406
5 93.70625 91.162769 1.446895
6 93.70625 91.587761 1.146115
7 93.70625 92.133557 0.554176
8 93.802788 92.390118 0.599564
9 94.082006 92.595271 0.481878
10 94.082006 92.806812 0.41954
11 94.132142 92.997863 0.365696
12 94.132142 93.124275 0.311789
13 94.132142 93.273433 0.302605
14 94.218216 93.472781 0.334694
15 94.888012 93.753102 0.378409
16 94.888012 94.02354 0.317075
17 94.888012 94.218351 0.15988
18 94.888012 94.337789 0.26078
19 94.888012 94.541467 0.335222
20 94.888012 94.744086 0.273686
21 94.888012 94.888012 0.0
22 94.888012 94.888012 0.0
23 94.888012 94.888012 0.0
24 94.888012 94.888012 0.0
25 94.888012 94.888012 0.0
26 94.888012 94.888012 0.0
27 94.888012 94.888012 0.0
28 94.888012 94.888012 0.0
29 94.888012 94.888012 0.0
30 94.888012 94.888012 0.0