-2.277721398505660577e+00
2.036254640219809176e+00
-7.052368504561015161e-01
-1.957104101154373055e+00
8.506693079724455542e-01
-1.336324272429437521e+00
-4.007722053995721012e+00
-4.096364803783296260e+00
8.725223417358005662e+00
8.205124168222210912e+00
-3.108451941017332576e+00
-5.801716291190507135e+00
-1.865718965908465532e-01
-2.555052742896656959e+00
1.027133503976606477e+01
3.345564238513269117e+00
-2.395549827194153103e+00
8.761120095637036087e+00
4.644332399454282889e-01
5.291214601399010231e-01
4.279475472688073268e+00
6.673639544228684439e-01
5.621166726466441332e+00
5.872208590975105391e-01
1.227440484272953292e+01
-2.875467656646081949e+00
-1.144900669357229006e+00
-1.038895842412895831e+01
-2.836732834921043889e+00
-1.965103829383412659e+00
-1.441374322172118472e+00
4.256646594111525239e+00
4.724671990207389705e-01
3.379399635815179881e+00
3.815639007790288528e-01
3.359473892501161907e-01
-9.554598537890674592e+00
6.810627955723413951e-01
-4.722536825730019316e+00
-3.744067121219990524e-01
-1.511176646340956964e+01
1.582309342495815674e+00
2.979617974305385886e+00
8.210564339928820843e-01
2.967663274911366944e+00
1.799204228684496254e+00
-3.232815969119258614e+00
3.323245734320510181e-01
2.401739784228735353e+00
-1.232039681441386758e+00
-2.068628158647894288e+00
-2.388357661333268211e+00
-1.400276180664103531e+00
-1.271897278066154158e+01
-2.949074509835325486e+00
-2.472102778138392409e+00
3.664506367188160141e+00
1.312996945592650455e-01
-9.680370298071832025e-01
8.867604197446514736e-01
-1.980004661846578529e+00
7.102852766576143173e-01
-6.787546311527460352e-01
7.732702143868629641e+00
1.597598520468876959e-01
6.304220999839533768e-01
6.914867789036248880e+00
2.969325928589747310e+00
-4.442877431912242159e+00
-3.200364581895160931e+00
-7.984471726332431629e-01
2.405951243493532399e+00
4.073363883491499804e-01
-1.466046423045956448e+00
1.264799610494727444e+00
-2.043069610557119553e+00
-6.419160527540775929e-01
-1.886212768878165580e+00
-2.483956828934949179e+00
1.708025131887130454e+00
-2.986322191631487488e+00
5.249756421480416435e+00
9.577088578224847160e-01
-3.283942650068519598e+00
-1.625537211663510107e+01
-1.719956769662994711e-01
1.649132664048874819e+00
6.630405449187873890e-01
2.681311181475958816e-01
-3.369754804006627746e-01
2.574483331536660202e+00
-1.740406539241395478e+01
-1.732112357631493182e+01
2.959845124466238708e+00
4.896471829725974612e-01
5.194324056275714696e+00
4.385783643695905787e-01
1.326279636814690743e+00
-1.469409402403364240e+01
-7.779234262560077440e-01
-4.783774978960203761e+00
1.477627984794326887e-01
-3.353645339934167025e-01
-3.863541050331942728e+00
2.675812675186780254e+01
4.041348943359782814e-02
-3.083253830545594099e+00
8.867819291854583952e+00
1.284027271811072701e+01
-1.342968441214981157e+00
-4.996680460473529095e+00
1.497892819716355906e+00
2.532338628214439336e+00
-9.045059397875226948e-01
3.403104125178327832e-01
2.654325690799844706e-01
-1.114074397406797479e+00
2.516664742523470055e-01
6.667104918341865805e+00
-3.636334776674626568e+00
-6.613719643989386388e-01
-1.635052799107334476e+00
-1.710625413073114487e+01
1.328815665707588911e+00
-7.913960899687938477e-01
-3.015052530586969648e-01
-7.252969491129106494e-01
9.709674327547231920e-01
-5.160086753222561384e-01
2.289550469674475952e+00
-1.633813937112770986e+01
1.322546698123046482e+00
1.486512965715246715e+00
-5.713545400090056958e+00
3.486309068578415715e+00
-2.196052329023550964e+00
5.254148824448545696e+00
-2.846652647000202485e+00
-3.677437683524759748e+00
1.488267851394926344e+00
-3.844443936613200385e+00
-4.807737020172187847e+00
2.373885977326816388e+01
3.925788452922175931e-01
-8.604437314849178620e+00
-7.163852195013233892e-01
8.432834601580713851e+00
5.288195719237596126e-01
-2.457666954459715725e-01
-7.819879579965053118e+00
5.895226017759779280e-01
1.673230783277203315e+00
-6.319516022860469651e-01
-6.164027402949201928e+00
6.719486236777880706e+00
-1.717590706212086538e+00
-2.105002036223936335e-01
8.509417739078702914e-01
-5.624350000199436206e-01
-9.810536563152258083e+00
1.073977825579377310e+01
-3.038318612754857262e-01
1.363184026824702522e-01
1.906668958922476398e-01
-1.936449213384862533e+00
-1.959604346270577224e+00
9.278622900088610237e+00
6.343634551448687375e+00
-5.980365657823895731e+00
-2.355152268927313663e+00
4.821333983325638006e-01
-4.381831712219343977e+00
-2.861778828466833069e+00
5.054794128299325173e+00
-4.009432387821160404e+00
9.766432418097084067e-01
-3.089502893579816334e-01
1.538111977235268713e+00
-4.610157024833967832e+00
-2.730165841618524158e+00
9.637500412327646426e-01
-3.016188906405199877e+00
1.163270171088824156e+01
-4.246391367957258467e+00
4.013100271401047081e+00
-1.014916882571214929e+00
9.435938780115479263e-01
-1.003681103061167257e-01
-5.335023398162004327e-01
5.514440805326088491e-01
1.098363724003105091e+01
-1.854689991347314715e+00
-6.810091453443908094e+00
-3.858859857901713597e-01
1.682469017673805523e-01
-1.458684287301757587e+00
-1.511982136640697694e-01
-7.951616492921648849e+00
3.966407306618950024e+00
9.533010061326864459e+00
4.030378425483927884e+00
-4.543314030394609571e-01
6.002180678198975272e+00
6.520978277258400624e+00
-2.499242013524674455e+00
-1.090611266272500490e+00
-7.203673634555309846e+00
2.051702987558173596e+00
-3.513157794169542214e+00
-9.886947705013253707e-01
-2.133483285563056331e+00
-1.407615180386815013e+01
2.303998749817779856e+00
2.466531959576009903e-01
6.974522835245608121e+00
-1.885642510201650524e+00
9.716935046437535917e-01
4.086361749889471540e+00
2.229816031760671002e+00
-5.910036965426926692e+00
-3.863044438071421283e+00
-5.268108565328615267e-01
-2.481811565465799951e+00
-2.813002178408153808e-01
-5.587139279993763807e+00
-5.633009374032520888e+00
3.673928813567749474e-01
2.094148159230990291e+00
1.933325580298962265e+01
-3.281268356217203142e+00
-1.243793942890198512e+00
-9.560943092466278603e-01
1.431694315560489539e+00
5.603976680458289117e-01
-1.249819111735404675e+01
-8.920708135856508791e-01
-1.620392685561412449e+01
4.176301867128947798e+00
-1.439454213353155598e+00
-4.732238746038134103e+00
-6.331789055342880168e-01
1.220620363786221851e+00
-1.086359089139858486e-01
1.109282653341182812e+00
-1.700349308994430375e+00
3.859443283513758205e-01
1.790257143151340546e+00
-2.099995442745972163e+00
-3.481651012985114146e-01
-5.786076183705882059e+00
1.987817379626779957e+00
-4.858513703726710986e+00
5.761986839440120800e-01
-1.805544984200263547e+00
1.488044032904994829e+01
-8.014609035068190224e+00
1.991246400162104191e+00
-4.936070803808356167e-01
9.211436170946726842e-02
9.319212503575687867e-01
1.139820376058534729e-01
-2.451279777382241731e-01
4.629065969160129690e+00
-1.660526336440059758e+00
4.435764928645222760e+00
