-9.430824213500716979e-01
4.120714967463095513e-01
6.608119816110682443e-01
-9.847000781833234129e+00
-2.838408592033085931e-01
-1.619629042870532054e-01
-5.594203567096261764e+00
-3.732471709632853685e+00
-8.040545090063494493e-02
6.937072374668503016e+00
2.202838838261881982e+00
1.829983871050587574e+00
2.888541860445098308e+00
4.781376943745754837e-01
-7.471137916900412179e-01
2.274025152975704955e-01
-1.834403569083742802e+00
1.315901861795197192e+00
-6.435612691396672691e-01
-1.376693671172463773e+00
-2.749969855492601645e-01
-1.122937332070572758e+01
7.393969083870846504e+00
-1.133353476226098167e+01
-1.204515693463346082e+00
4.799861764947101150e+00
2.265998506050186379e+00
8.864198774955927007e+00
-6.115231145781894195e-01
4.042171125439114610e-01
9.395066418840595901e+00
1.037503163853741750e+00
-6.844297012208055087e+00
-3.577970009008417662e+00
1.102058551669562680e+00
-9.907340346301738432e-01
-2.340609199972366827e+00
-3.292062433816814071e+00
1.209348134229307092e+00
1.130882744987365207e+01
-2.091499290260721566e-01
-3.044670683395982014e+00
-1.964470933390199736e+00
-5.646594905822832633e-01
-1.388676447507151934e+01
-5.553639522931703709e-01
-5.875229306189213574e+00
-1.067964959676432901e-01
-4.943983319137434052e+00
5.007431020980726899e+00
-2.642570510322173050e+01
2.620279970289312033e-01
1.232768452048974422e-01
1.590910701323992260e+00
5.020810573737983784e-01
-1.886585013224964857e+00
9.937518384565223739e-01
-2.789318318221312154e-01
-6.047455617911042580e+00
1.361164931084282714e-01
2.079713247385543529e+00
4.960472259884441959e-01
3.149680021112654771e+00
2.006015321109517657e+01
-3.249545293617488007e+00
-7.517047550364763797e-01
-2.484447610038769128e+00
-6.789872475211354841e-01
-2.970379023600016932e+00
-8.306032345626309876e+00
-2.927845126797533837e+00
-6.520372383900387980e-01
-1.975912697208813285e+01
-3.509793445654547650e+00
3.451317274846868344e+00
2.384855344867226279e+01
-2.244581832339676453e+00
-8.642927024191184415e+00
2.002087977742932623e-01
-3.827874450214532320e-01
-5.315858944922792872e+00
-2.158257619598890287e+00
-9.366082543233497093e-01
4.503813179469183525e-02
-1.159000301715531922e+00
1.240293187669307962e-01
2.550255307413087813e+00
-3.568736920011201241e-01
-7.366894144538764788e-01
5.528552155354098385e-01
1.356170352593511153e+00
1.290374441241280223e+01
-1.338157672602115600e+00
-1.660309910250605536e-01
1.052125248370328947e+00
9.000378047304536722e+00
-2.269418570315926975e-01
2.299651867078192247e+00
-4.108365462840002369e-02
-3.415430039229215287e-01
-2.069921050260909112e+01
1.105363447995236559e+00
-6.843352404178212334e-01
-1.738152406160376140e+00
5.495407202132312818e+00
-4.749882329487340016e+00
-7.412411115653474880e+00
-3.733995416232136932e+00
-1.014656056801326400e+01
-9.362869735048617859e-01
6.119876592991883024e-01
1.689454276019580481e-01
1.012845409324005352e+00
1.098113189380750754e+01
-1.045076308477388860e+00
-1.812377754741134606e+00
-5.469261059798601332e-01
-1.807158994817885223e+00
2.051258944761486624e+00
8.588014269270168199e+00
-2.881054878481972281e-01
-2.148358412291539121e+00
2.105212651959232684e+00
-2.654230259900657529e+00
1.743568821467908148e+00
1.180027512087008956e+00
6.960695900080951404e+00
-1.627174802986117719e+00
-2.001469721876361518e+00
2.512082204661355789e+00
1.268948344037400311e+00
4.206620030743518646e-01
7.666675948605554680e-01
-1.663877084192223466e+00
-9.326362078077883311e-01
-3.131561220272006674e-01
9.864428972786441818e+00
-1.129854967960778556e+00
-1.138528643009935948e+00
6.457788150547453254e-01
-1.249993061632682867e+00
2.520230299060922108e-01
2.269466454740674127e-02
1.777415105017665642e+00
6.322716887059673940e-01
1.314207221639921208e+00
6.952240353115699989e+00
-3.288811924895865824e-01
6.748881329241325222e-01
2.546639159737137392e-01
6.643561077442822205e-01
-7.404210327954203752e-01
5.326346030577306517e-02
2.177846704584971982e-01
-3.681459807246057814e+00
6.483184422142961978e+00
4.401902061077059614e+00
3.213567375301249029e+00
1.889007460092544832e+00
1.167550179535641330e+00
5.645196183024412395e-01
-3.474217871710950645e-01
3.347118785419707088e+00
-2.411108906444578537e+00
-5.391833787734231720e+00
1.433110030876301622e+00
1.104998230415453264e+01
-3.565885061977412729e+00
-3.682320101366023835e+00
1.251512250301328177e-01
-1.640999165573369112e-01
8.702260441757612153e-01
-8.549679212284677643e-01
6.445367365628202894e-01
-1.549766030412492279e+00
3.553505305020649097e+00
1.408305317309481997e-01
-4.981540215283859929e+00
-1.338040595401171373e+01
-9.296577104006185976e+00
-9.320577426370468821e-02
9.891003687249904086e-01
7.522740332419020071e-01
-1.454664585610809446e+01
2.642095428932807188e-02
1.095794198829617816e+00
-1.127758163148933335e+01
1.751529768992020168e-03
7.559920298817095485e-01
2.321166936119947732e-01
4.541616183887787983e+00
2.882103010280365307e+00
2.530969331625134572e-02
-9.276764783864800634e+00
1.075068547224521609e+00
5.411869628974419477e-01
1.169210581016255190e+00
-8.016210531075238066e+00
5.195404719207596500e+00
-3.913077405352709981e+00
-1.742809052880023080e+00
-6.777912771282486037e-01
-3.209222819686588402e+00
-2.948740411542190465e+00
-7.261146448531647923e-01
9.123311773490620780e-02
-2.656529539533969864e+00
9.350333400915976867e+00
3.787683386730550605e+00
-2.831925619892604828e+00
-2.737377648910099270e-01
-2.246007969883087263e+00
1.789044526830593784e-02
6.213988316032322601e+00
-4.709147271666952461e-01
6.178876019641936779e-01
-3.264876702787605112e+00
5.918013930570635850e+00
2.877589626262679334e-01
-6.853611831558399370e-01
-1.208423293862790970e+01
-2.198175688271072126e+00
-3.460176206923266107e-01
-2.255129310457185454e+00
5.247391933388721341e+00
-4.645011360698548586e+00
5.299292764717261406e+00
7.998443869272885420e-01
8.326059367549392576e+00
7.740973880652681771e+00
9.932322285241079740e-01
9.333100080924583430e-03
9.009373830651774551e-01
-5.520362404874482043e-02
-4.313236306746246029e+00
-1.274019618691278000e+00
-5.383032955839169631e+00
-1.026053667470146147e+00
-9.392358726644030043e-01
-3.530470187401527404e+00
-6.601816129890034635e-01
7.708375865326186904e-01
3.182718508020392800e+00
-2.371448210858841665e-01
-6.371984562818751030e+00
-1.178892127362914266e+01
-1.009865513954041205e+01
-2.524698259746283924e+00
-1.468206752704786400e+00
3.043917653987811001e-01
7.414219790057738457e+00
-4.886199378460324816e+00
9.373211287961831228e-01
1.548030367196591817e+00
1.082674189385221197e+00
-4.108628492386591224e-01
-2.614469465477996302e+00
3.257038792046917930e+00
1.387680858124539451e+00
-1.465930826025583014e-02
-2.218779127481457891e+00
-2.667155819616714996e-01
1.152004893522788720e+01
9.077515844851817839e-01
3.152515391944425538e+00
