1.528163265114763414e+00
7.019534174844359598e+00
-6.819040997359365974e+00
-1.893717902342548243e+01
1.175806943241372166e-01
-3.482046882025135126e+00
2.942286290564378071e+00
7.680180710017163737e-01
-1.913858869374238658e+00
6.768852167517561469e+00
2.046157907221421723e+01
-4.316478413103213008e+00
-4.395767879000610279e+00
-6.457577690895106581e-01
7.133111841306136736e-01
7.903855599155085176e-01
1.980885132978408070e+00
1.015859726031413501e+01
-1.546562243057423069e+00
6.457049472862666839e+00
1.846621733890024541e-01
-4.622676830345863408e+00
5.596635025175848099e+00
-1.241324196342070696e+00
2.806435098672699802e+00
1.939653046796206148e-01
5.918672780258617649e+00
-1.287217218576140709e+01
-4.410018681309859190e+00
5.260783628193870243e-01
-5.318783829165533300e-02
-1.568562412777016357e+00
1.645893566147705211e+00
1.523999569588844194e+00
2.312930601563915722e+00
3.308479643593087438e-01
1.129604135044622648e+00
8.754464262597158708e+00
-8.003385781822760947e+00
-7.366158488623045786e-01
-4.616838306127635239e-01
1.266367937693567702e-01
4.074797608435803298e+00
-2.124004430798285714e+00
3.376559371638030438e-01
-5.084004489432104812e+00
-2.132076733534331581e+00
-1.290717862529942694e+00
3.611907341854001086e+00
-1.167659977262515625e+01
1.126899859996011166e+01
6.718026524225650942e-01
5.144628308222443103e+00
4.572243840311259966e+00
5.962425956182234366e+00
7.929363067846748603e-01
2.520562877751107322e+00
3.944091464718384898e+00
2.657841426597332468e+00
-9.917468589530479051e+00
-4.826762571647587319e-02
1.945423227112285325e+00
-1.583985497088976402e+00
-1.062382907444190749e+01
-5.395316302399626451e+00
-3.354281898959472485e+00
-6.052440846680822162e+00
1.216480074388391674e+00
1.061363681520231195e+00
-3.865851040796587923e-01
1.031105453166670571e+01
-7.868172808816507047e-01
-8.137062054758551710e+00
-1.431429092663298430e+00
-3.561867978459993256e-01
-2.489281807924880185e-01
-3.722889903516858889e-01
-7.912001726035374771e-01
2.481187173045868555e+00
-5.603266696600823771e-01
-3.096996902069003355e+00
-5.606256598251851742e+00
-2.888692991763879281e+00
3.107019371173414868e+00
-4.465453265595963339e-01
1.141307865748172112e+00
2.614463346610351735e-01
-9.716927661974175123e-01
-1.616214057918093694e+00
5.284989270501594838e+00
-8.730647674122680613e+00
-5.031546039974219564e-01
5.021717847430386961e-01
-1.546328379741204184e-01
-1.724930138714562133e-01
-1.032604180993382581e+00
-2.513908015567325460e+00
9.545098955495229243e-01
-3.665013960267087256e-01
1.979627844892094535e-01
4.005973249900336874e+00
-1.719967631018096910e+00
-3.216663456815377353e-01
-1.055820170095858490e+00
-2.007634669340377931e-01
-1.232009584796748713e+00
8.995350278282742806e+00
-2.297587748108635530e+00
-1.354439902070251556e+00
8.914461740742526175e+00
3.840225405680580018e+00
-2.187395326006538632e+00
4.233269099891143195e-01
1.699385647934665400e+00
5.315441261525606365e+00
-3.654024759135839240e+00
1.210486204092766549e+01
1.161818126408330265e+00
-4.293227366781235510e+00
-4.365177183599946886e+00
-4.721399703067806763e-01
-3.537831871837557873e+00
-5.024284574964816841e+00
4.581858317780521439e+00
-4.426881270994984519e+00
-7.640120793445376535e+00
-1.431028515129378065e-01
-2.306446200889152864e-01
-7.587431950749657261e+00
2.490872612767685429e-02
1.115730779127266814e+01
-7.926224168219884181e-01
1.931155986704320204e+00
-7.195823614049423611e+00
-8.220492485812034289e+00
2.017722028869908257e+00
-3.252979082903240560e+00
2.174042710240585929e+00
7.367362415008289478e-01
-1.339454925204024871e+00
2.662506864271160900e+00
3.954033596044624232e+00
1.525332133483944475e+00
-1.139056863053685253e+00
8.900429637364318247e-02
6.843239009432257269e+00
-1.172026966089613431e+00
-1.097049682016439487e+00
7.316071233632173154e-01
3.404537444772628429e-01
-9.311011876701847712e+00
-4.085579673867852257e+00
-1.979674355311442646e+00
2.482246121207840162e+00
5.990055406881438227e-01
-1.053413587833425868e+00
-2.204087001506487287e-01
-6.144736879826854903e+00
1.512333343093625659e+00
7.323285839681660470e+00
5.850971762168997614e+00
-8.424769427208458339e-01
2.052898236558114320e+01
8.402076024236190266e-01
-2.357237880678406228e+00
3.729967375748375780e+00
-2.470419003114412426e+00
4.747444088683552721e+00
-5.074976148608143944e+00
-8.532020256098589162e-01
6.095736888389734709e+00
-3.567725638520640619e+00
-2.081397295324635799e+00
-2.222986001981222870e+00
-1.826863095053393726e-03
-3.906800663215169500e+00
-1.194360242258707183e+00
1.807762483044740520e+00
1.254300100028901177e+01
7.497650262434505386e+00
1.833054601041464560e+00
7.931770128962820188e+00
2.413507595617264911e+00
-8.289412378981266372e+00
3.021237957768040605e+00
3.071169355769546305e-01
7.749777198068347417e+00
-4.365992995920291442e+00
-3.914994191336994334e+00
-1.602169434451169749e+01
6.092801096192826726e+00
-7.876081949296900864e-02
-3.783497703033921411e+00
8.242698453783281920e+00
-5.152243598210199949e+00
2.872607105616220569e-01
7.952733230160832001e+00
2.825935572901208115e-01
1.329276164516949743e+00
1.898699630237475233e+00
-1.392185588922052741e-01
-6.394446242568231631e-02
-5.905054832245578922e+00
-1.182253882109662202e+00
-5.821944495295493516e-01
6.274695256076654459e+00
5.635552564975276901e+00
5.799722615224549571e+00
3.421605025361655450e+00
-4.828847958674818974e-01
2.352904089821552969e+00
-8.102585564063828016e+00
-3.649699753191692597e+00
3.053455193180551475e-02
-1.017300550036255302e+00
1.375552257001427803e-01
2.259722815869479540e+00
2.149879166160613408e+01
1.071991342682216519e+00
6.115768690019067755e+00
1.272221108579867810e+00
4.091069883127115503e+00
2.796319849104942357e-01
2.913957287147339592e+00
-7.534228993241763206e+00
-7.793979494922627538e+00
-4.555948662232670032e-02
3.565483989227252515e+00
5.119513473265860704e+00
-1.260879014553349364e+01
2.141092790489234954e+00
-1.818336010130233271e+00
-2.291730039609617187e+00
1.181979371534649381e+00
-3.648867097274627103e+00
1.945297128220610183e+00
5.667258904470042769e-01
-1.008505131115053688e+00
1.498700767522827704e+01
-6.242954884767566881e+00
9.702338788113222534e-02
-1.573587487003251240e-01
-4.459685562238412615e+00
2.395501974684335789e+00
-6.423316096122432484e+00
-5.472105956752709055e+00
8.971319050610506718e-01
-7.923861959259166809e+00
-6.651700254974781679e-01
4.550338249742821084e+00
4.975539963026532675e+00
6.362688272732435202e-01
-5.073770892295687007e-01
5.128718133031187953e+00
3.683827938896858001e+00
3.567064693961822908e+00
3.763322116714089116e+00
1.006816211346989398e+01
-1.592935220982684141e-01
1.988850257939680288e+00
-5.631647312019437024e+00
1.461404526367522827e+00
1.858041749770837692e+00
5.315424817889826237e+00
-7.494799494216815017e-01
