1.911337150947782559e+00
5.209643440967084871e+00
5.267972612336677685e-01
-1.054793768460281722e+00
-1.329693087364608672e+00
8.708244234775952552e-02
-1.728556972887443521e+01
7.850648547109662090e-01
3.401651994860220296e-01
-7.515582031276617503e-01
-3.000506967801361835e+00
1.686291852209068631e-01
1.267492903485327727e-01
-2.947814907603163448e+00
-4.948465712810502737e+00
-1.820577404648184405e+00
-1.393027316378583347e+00
-8.172455073663497105e-01
2.909554185322650088e+00
1.721971294037046185e+00
1.132675999063864902e-01
-9.394822229626413446e+00
-2.063351620818846932e+00
-5.546227392820033408e-01
6.146747725806680940e+00
-8.212437122417207136e-02
-1.889238482695213150e+01
-2.707451338407912189e+00
8.202134206017310802e-01
-8.900525945380771686e-01
-6.536253528706135185e-01
-2.780285997623737515e+00
-1.050606628826140865e+00
-4.852747783847084051e+00
-6.156804597930646272e-01
5.138804743990405655e+00
-4.422385142941368308e+00
-1.388781637997984486e+00
-8.328083303305877649e-01
-9.711108399687768955e-01
-6.323223202504253848e+00
-1.262204984915495487e+01
-2.745079451287156136e+00
-6.560950963187503482e-02
3.751865606163463929e-02
1.884942425683706180e+00
-2.419973385343862915e-01
1.204661192412413317e+00
-2.260723565692714487e+00
2.260661166453114657e+00
-4.706253530801186580e-01
-2.163843482463949641e+00
-9.576127117037644965e+00
2.106579171613651269e+00
-1.600623949725287209e-01
-9.120047377690990942e+00
-8.453669996733728653e-02
1.094912502627086059e+00
-7.861965422963797856e+00
-1.373756654076380812e+00
1.505729381523470467e+00
-3.443750554190146751e+00
-1.902213594013511866e+00
1.830894652527462307e+00
-6.751957740006581332e+00
1.226396496049259532e+01
-1.290748611219575848e+00
-6.902691008103900572e-01
-8.813987369667732885e-01
2.335939830603841028e+00
-2.053861961136786984e+00
1.087447401165208483e+01
-1.727737007472645914e+00
5.535514446785796849e+00
6.380694373803140751e-01
-5.865192958485707209e+00
-1.515095328028816546e+01
-3.073147302763491684e+00
-4.827600710569392994e+00
-2.367049499359342446e-01
2.885241510162098733e-01
9.871028314487802213e-02
-1.085296197698204956e+00
-8.990143298630788316e-01
2.658653715901304171e+00
1.935065382195519657e-01
3.887925917798090047e+00
-9.994438292376718602e-02
-3.467468580406978695e+00
-6.897399267137065415e+00
-1.090687396500612572e+01
6.721447800172058784e+00
-8.869011351845250246e+00
2.419954336430608921e-01
-3.750179382095335523e+00
1.835709369282663705e-01
-9.363286043272147641e-01
2.221827846568491527e+00
-2.085767376593515188e+00
1.307840704092563922e+00
8.309937158204820928e-01
4.337765237840040533e-01
-6.308556053840677968e+00
5.573279961243382541e-01
1.160508286388903521e-01
3.166090249531569700e+00
-4.079390654096944346e-01
9.000201767063909841e+00
2.476272357733112273e+00
1.148261379227153878e+00
1.582347602756455274e+01
-6.601442843691953222e+00
1.350936469653530869e+00
-9.514763817718590033e+00
-1.601138908869727262e-01
7.752900936390348718e+00
7.877298318606755778e-01
3.106878556128366498e+00
2.850117405653070257e+00
-2.943923924043221785e+00
-1.984632232546460706e+00
7.855908290164799190e-01
-8.699441838626270629e-01
-1.041918950920161402e+00
1.806182485027396867e+00
-4.703139988951200223e+00
3.090837276764431429e+00
1.273868907417067931e+01
-3.157974050093921292e+00
-4.047699265848434536e-01
6.667060117822378729e-01
6.202042442668452615e+00
2.053256691066157824e+00
-1.142319250480609227e+00
-9.752586722761400040e+00
4.390995259726891753e+00
1.654824756265131480e+00
2.127337398643024180e+00
-1.568627984141744702e-01
-5.879604191328537954e-01
2.293719167592927377e+00
-6.073020913765689865e-01
5.238711689656245341e+00
2.139053191715245827e-01
-6.740442076338009070e-01
6.884837294251171080e+00
2.163325300085640279e+01
-2.518568625443429632e+00
1.149878252332042328e+00
9.264092192827677597e-01
-7.104853067012988355e+00
-2.391220873091229604e-01
2.880051034894887341e+00
5.903029232791570990e+00
9.124277998140056800e-01
-1.933344913940516996e+00
-8.994556791816954444e-01
3.387762137404169316e+00
-1.442115481712903247e+01
-4.984853645948830625e+00
-2.194772696288218139e+00
-7.733554515653341399e-01
-5.641576350753660929e-01
2.333511133970305629e+00
9.281679686327961587e-01
3.217662421600627543e+00
5.442192105751892939e+00
1.743684789774145205e+00
-1.656286804538598112e-02
-5.156465075405517240e+00
3.329775185075932176e-01
3.085153700863519366e-01
4.098468944875879316e+00
-5.978099218582171304e-01
-5.955899771574133084e+00
-9.731624861849251573e+00
-1.882695774103821940e-01
1.134326897927363120e+01
8.297035528273148941e+00
5.873346930219740081e+00
-2.053331332671332277e+00
2.326324840952241069e-01
6.533086118749571014e+00
-4.948380051899755050e-01
-5.488071273112115733e+00
-1.876027314511890864e+00
7.503519840574608857e+00
-2.410387010044346301e+00
5.193270390104017586e+00
-3.008097557051967907e+00
-8.424551861688741594e-01
6.186685183391340104e+00
-4.801409433426263362e+00
-1.232918344194153942e-01
1.782623040917560853e-01
1.752246673918473885e-01
8.152482512902944345e-01
-1.187673081335658853e+00
-1.890332361647640846e-01
3.257466520377656050e+00
9.732272226935947401e+00
1.339849741461998978e+00
1.839201558310714357e-02
-1.117010948812611026e+01
2.025240825378138254e+01
-1.278199315514194856e+00
-4.860500447575602512e-01
1.118236881837008534e+00
-1.298222120492704024e+00
-1.351651579141927462e+00
-1.247026105216301950e+01
7.222922859104408122e-01
2.286537962735646357e+00
1.996322202459745343e+00
8.243173847696190215e-01
-2.478170941146994988e+00
-5.730050908236890006e-01
-8.396842031679889740e-01
-4.702502973977981116e-01
-3.361706014209198679e-01
8.874187996575231274e-01
-1.779485097729919030e+00
-8.870644664303259930e-01
2.546541984223494204e+00
8.378790860554417463e+00
6.815593973816344020e-01
6.659690067630782195e+00
2.333773496898109201e+00
1.857183574645872692e+00
-5.885345190234065882e-01
-4.131278831573280463e+00
4.096398047960478017e+00
5.663060267451184293e-01
-3.496025616133457969e-01
-1.996192072190400513e+00
-1.301340995420531854e+01
2.179807581985366838e+00
2.379161443696161893e+00
-1.447204465949360497e+01
-4.558395261065031789e+00
1.915099736425603272e+00
-1.804973932674537318e+00
3.788423474704167404e+00
7.079474260176990441e+00
-1.964220615735057685e+00
-6.074880878477763702e+00
1.181410437999770746e+00
6.645787335191229772e+00
6.978589080311056736e-02
-3.002319428812082691e+00
-2.296909848120811226e+00
-6.678275221345540302e+00
-1.218927063321791016e+00
-3.375649142283640991e+00
-6.030344661706733556e-01
-9.805987980325689080e+00
1.388642532692029530e+00
-1.369779680023685131e+01
1.894123397180877411e-02
1.411651686504365732e-02
4.537064469125147603e+00
-4.211754269392018912e+00
3.766983194759608855e-01
1.800508343601590155e+01
7.241815588191881758e+00
