2.995093913578166234e-01
4.662679619731606273e+00
-2.512970803634913541e-01
2.667846345670434438e+00
6.887614655620916126e-01
-5.451287462519807114e-01
-7.308923208215491130e+00
-5.109272671194432291e+00
1.823511213262134278e+00
-2.934280016725051010e-01
3.553606483365425284e+00
2.693871666371483897e+00
1.289808334559566338e+00
-5.826548926464617750e+00
-5.234965016524503412e+00
6.197572164937032113e+00
1.669321273115049298e+00
9.654416848098305692e+00
5.232798653506366193e+00
5.623954074545723714e+00
-6.835195249217723701e-02
-1.782441571940694525e+00
-3.507783980440811966e+00
-1.712742341576423577e+00
-6.524654172927002449e-01
-1.766509057073030464e-02
-2.156708896310295387e+00
4.253102080592119805e+00
8.784334815324672974e+00
2.808563606798066825e-01
3.558415939539708583e-01
5.609690294825690593e+00
-5.120368926061960480e+00
1.372031763247831826e+00
-7.057629562522222955e-01
-2.794392559114626806e+00
-5.630033022337894710e-01
-1.595181575024497533e+00
1.285619327064533746e+00
5.158406149325951873e+00
1.312972634541822892e+00
-2.561677076098843209e+00
3.160482803234167193e+00
-1.463898481395462969e+00
-4.133411628646499025e+00
5.680199305168477153e+00
-4.703110314308185380e+00
-1.333604352209282418e+00
-6.572267447040399668e-01
7.773664843503643063e+00
-2.326550683506151351e+00
9.017744996617580444e-01
4.713632295011702666e+00
5.582330986496454317e-01
-6.540272813743627234e-01
2.316544220117935371e-01
3.257075817872099321e+00
-3.071236285976082225e+00
1.736891008274299986e-01
7.590108258337531222e-01
3.519292535731905591e+00
6.259214358812990042e-01
-1.191545917441690472e+00
1.084779349685631056e+00
-2.599205212757282002e+00
-8.604929898695091728e-01
3.222929524415469871e+00
1.339565319395106924e+00
-1.390893630661008018e+00
7.212295188369903798e-01
4.013815647929549257e+00
-1.268771472189649696e+00
5.614830604906244638e+00
8.577742767195728035e+00
-1.545902344429935515e-01
3.523591065835855574e+00
5.582664137538444482e-01
-5.084045508459094087e-01
2.801052809961487533e+00
2.999296644655861321e+00
-3.485669037955779759e-01
-3.242429440299271715e+00
4.334638521165353531e+00
7.852650991090056820e+00
-6.172735881242253697e+00
3.528834092233791075e+00
6.948521114812769461e+00
-2.534444347393448815e+00
1.483251449040321468e+00
6.567313653136490181e+00
-1.394828194718186865e+01
-2.349806517549722251e+00
-5.742708455803742229e-01
-3.223955504861281351e+00
6.105956267963954964e+00
-1.989702816825119902e-01
2.721800070427585760e-01
3.643287010435869000e+00
-1.515343545135627856e+00
-4.339289021815001313e+00
2.459676700765228929e+00
3.944817206522814312e-01
3.936721036585688616e+00
1.366092816769753471e+00
-2.292664450161209011e+00
-2.541804509042005389e+00
-1.202341867631033123e+00
-7.635172939028400663e+00
2.478303650904883693e+00
1.006926788865896594e+00
-1.125355059165683969e+01
1.280484241917801302e+00
-3.940208770855715859e+00
2.718873114277126302e+00
-1.564762288941581758e+00
7.436143170550510995e-01
-1.629805708553937194e-01
-4.248302469820649740e+00
-6.112895825317807841e+00
-6.391663502260963803e+00
-5.349849928089748019e+00
2.651345063948628011e-01
3.081591269399046595e-01
7.651231957235247627e+00
-1.270777547758685122e+00
3.242457553712182694e+00
5.017750526267418243e-01
9.012541922787359328e-01
1.769539779919790501e+00
3.438543869576044187e+00
-3.676270227963465587e+00
1.144670793248842244e+01
-1.402545729652855222e+01
-2.009265340783893183e+00
-6.494365420367150143e+00
2.577240112335257294e+00
-3.076467154255868142e+00
1.403509182265965993e+00
-6.560777570546131088e+00
-2.432100677709356784e+00
-8.672910080241329478e-01
-1.817669890491445450e+00
-1.336392778561942718e+00
2.597973161471654469e-01
3.911994984163595479e+00
-3.794387616466064372e+00
-2.994263875011711207e+00
2.015086840042904726e+00
1.017006063660171300e+01
7.128402087373269858e+00
2.559010675889903386e+00
9.845685346277452954e-01
-1.358350668899998226e+00
-3.317204807858051829e+00
-1.446945096652381135e+00
1.239670379014169210e+00
4.986088667278735898e+00
4.353605422257151858e-01
-1.522709082621802157e+00
-6.797400926003087651e-01
9.031778347850316635e-01
2.556184123417225562e-01
1.073612289575589740e+00
4.478009634277450246e+00
7.252286194408774644e-01
-1.088572772138217903e+00
-4.357515267929974456e-01
-4.390293268888915357e+00
3.865887900207014005e-01
4.833973541837861987e+00
1.034309298712638769e+00
3.566515536635324501e+00
-7.917905341259601215e-01
1.719970895440310343e+00
1.224067465725342174e+01
-9.083155198791266205e-01
-5.862649082145615864e+00
-4.265721190492188786e-02
-4.817192307624879710e+00
-7.380559706531293340e-01
3.644386968723851705e+00
2.484596081592880812e-01
-9.462635806553448825e-01
-2.435181329097604319e+00
3.255232678247264033e+00
7.569152195959225060e-02
1.699703682986385633e+00
3.471708369856219445e+00
-5.098149892852925358e-02
-1.345988347410022890e+01
-1.635317289167090182e+00
-6.181624896963276328e+00
-3.657144172953223027e+00
8.376994328044824467e-01
-5.101504321660139674e-01
2.315687932593792908e+00
1.341409310407639666e+00
5.875937623257589809e-02
-3.355287476390405033e+00
-7.393764910794194956e-01
2.489524072992765458e+00
-4.119834694705542533e-01
2.609632204987545556e+00
-5.219657569430816935e+00
5.853868968768278364e-02
-1.754140415625191851e+00
1.348773314420098401e+00
2.131001882089928579e+00
-7.441005386945897193e+00
1.662773417821972632e+00
-3.684710817178854292e+00
8.865074764108218375e-01
5.830132928088245237e-01
5.217454321692250652e+00
-7.428630758098520026e+00
2.306638544979874084e+00
3.399350303780962257e+00
-3.750221268316721979e+00
-4.733595299605928730e+00
-4.105995196444437445e-01
7.715332966973985629e-01
7.385022514405024108e-01
7.744215427401552887e-01
-2.259600237786598242e+00
4.221027534703501338e+00
-1.565162672772495989e-01
6.886400371077102678e-01
-9.026978388819539845e+00
1.890638513536406329e+00
4.048185195903212241e-01
-3.586462449103382522e-01
-8.733678528765922877e+00
7.279827193903976479e+00
8.026892109117714114e+00
-3.733349900502509033e+00
-5.733412633099478628e-02
4.693282577036658743e-02
-9.322201845826104671e-01
-5.036800739362874701e-02
1.353425446149115974e+00
5.194847619771191666e-02
1.191820265746539986e+00
1.074510945941864248e+00
5.159362251832613211e-01
-4.740947549792851490e+00
-5.408939038606677130e+00
-9.397583339283121617e+00
-9.246278127768456923e-01
-8.492187755362328172e-01
-2.368944428898134280e-01
3.681800096260958721e+00
6.351555439014264337e+00
-8.106213323620794498e+00
-7.375739735545250753e+00
-3.531776125248780929e+00
-4.809292437033713341e+00
5.606977414230588153e+00
1.433419675134418370e+00
1.095974805137949737e+01
1.540467825457858542e+00
-1.823541446902569518e+01
3.214654892853526569e+00
-2.575160036328765778e-01
-2.139996994284963705e+00
-2.237542794801917090e+00
