6.626160912795471258e-01
-2.910129095597493887e+00
1.136397164411115712e+00
-2.954047658909882967e-01
-2.064765593319684456e+00
-1.202109472790945155e+00
-1.492577493514032128e+00
-2.623937936099991930e+00
-2.233489355344742577e+00
1.491220710069142807e+00
5.288247963406951246e-01
1.860109411268632273e-01
1.244784021419644171e+00
3.386948178002615606e+00
-2.001446986715086140e+00
-1.365432893144237769e-01
2.313293930489662475e+00
2.716116053048933665e-01
7.504159645176176063e-01
-2.443050997985491968e+00
1.793360697021948891e+00
-8.406035574168115865e-01
1.736217163857051382e+00
5.719031950497257988e+00
-4.619786756929824101e+00
6.304165833598998958e+00
-7.897716141506037069e-01
6.227934008299642166e+00
4.113704691246622858e+00
-4.528052979788007804e+00
4.673794720933167612e-01
-7.727733536910368350e-01
-4.193783416795119123e+00
-9.086470973748832947e+00
5.113150708022985214e+00
8.573339839906580773e-01
-4.737679437418259587e-01
4.723112820268271506e-01
2.138832260756507786e+00
1.511370075010041392e+00
1.636440127213344420e+00
8.144666507166753888e+00
-3.643947443380417539e+00
-4.995886824341544852e+00
3.462165391177414175e-01
-1.840391988085310349e+00
2.222391110657710556e+00
-5.829143488223177627e+00
-7.369442862757198398e-01
-7.082906829852049668e+00
1.483850809879279753e+00
-2.160083959865807479e+00
-2.658650074297004728e+00
6.215156623272518388e+00
1.970245614843625814e+00
1.611616443120742925e+00
3.041539207569606162e+00
-1.939136592006657778e-01
-8.529217849577561239e+00
-7.707741567397919269e+00
1.219892562531484614e+01
9.074970061475426952e-01
-4.083624929632722278e+00
-1.806889713860768243e+00
-3.553706644844170648e-01
1.584162008628119400e-01
8.080056838432534860e+00
-8.413681323476570384e+00
1.188025523631293101e+00
1.725724257560257602e+00
2.898063235810656391e+00
1.946110609727033536e+00
-1.656654843681366174e+00
1.096029016017457530e-01
-1.349662291513473278e+00
2.603260552676692208e-02
-7.931099258490188486e-01
5.115430161567068090e+00
-2.685157883089020814e+00
7.550538568181502930e-01
2.273789398066157208e-01
1.593273400112253935e+00
-1.199504284779758123e+00
-1.570282905652509164e+00
-2.026133055861546239e+00
2.935079167288351165e+00
2.336094825814016840e+00
-2.061802009798044732e+00
2.367536635656974031e+00
4.540798558589828282e+00
-8.559782156631216832e-03
1.977667314270868504e+00
-1.003834415056818363e+00
2.971002980689906980e+00
-4.390873242468496862e+00
2.908084163410527001e+00
-1.179309656320058686e+00
-5.382781085300773150e+00
-8.237138232232730672e+00
-8.533457815052990503e-01
-2.038820487826049188e+00
-4.770273865406812419e+00
-8.186971020865595250e+00
1.433014753348108572e+00
2.553147712856598250e+00
-1.996732012401867040e+00
1.585006403069302738e+00
4.622559593992634497e+00
-2.371001896794260766e+00
-5.185848815944166468e+00
1.433035201085457677e+00
1.049091390727894435e+01
1.106655983776612562e+00
1.849954392350685151e+00
3.543659780792590031e+00
-3.614485949889927774e+00
1.013939360572861714e+00
-2.304284965366337978e+00
1.556315124409458073e-01
7.163469639870559957e-01
2.222899624882544778e+00
-1.160450484438189239e-01
-3.813638185079019305e+00
4.743759231215781469e+00
9.556951138366208687e-01
-3.325689541929108373e+00
-2.825556496830708753e+00
-4.581900845881284878e-01
1.760862050936346235e-01
-2.636913545871832909e+00
2.363702543952157065e+00
-5.959504833991402073e+00
-6.287396800693066723e+00
-1.714936712976176558e+00
-2.554207505565574632e+00
2.385806903444924298e+00
-1.888028751454577714e+00
-1.299905300708997657e+01
-3.590879579533600374e+00
-5.387599664772757535e+00
-1.498368693836310550e+00
-1.478372470638197989e+00
-1.173840941214270961e+00
4.433980840996587069e+00
-7.707809728532298843e-01
1.375097300501260023e+01
5.479440868989760460e+00
1.666149180574507227e+00
-8.065817852039764979e-01
4.236550327972653740e+00
-7.641747172121200748e-02
1.780248453948588772e+00
-2.215174687438278056e+00
4.818721803789664193e+00
1.154355477165826871e+00
-5.989180088142182612e+00
3.538148309159515392e+00
-1.580411003347193200e+00
9.539043759540360989e-01
2.257372836036442454e+00
-3.613809609465620909e+00
1.529478738599946652e+00
3.799406786976723627e+00
-5.561753533546566430e+00
4.431366162504961181e+00
-2.183794384040143033e+00
1.126106690229688212e+01
8.596063238052292776e-01
-7.233705179934132978e+00
-1.882228722598989767e+00
-1.385234084408953015e+00
1.406164798320037601e+00
4.498460240115267794e+00
6.170526438079066978e-01
4.664356739212625058e+00
5.539829113175658293e-01
-5.262619025630684177e+00
6.761415731739938151e-01
-6.629545952204367154e+00
-3.961145544229740523e-01
6.371631664317670696e-01
1.641966142161392028e+00
2.989375635628147357e-02
-9.803317728935087016e-01
-4.719572151433946150e-01
-8.167615103343847105e-01
-6.274915470009688967e+00
-3.043141409667733943e-01
4.425303244390445201e+00
-5.152172002939657824e-01
2.326382348678951217e+00
-2.503507278398492408e-01
-4.987089617611200509e+00
3.601666068350393157e-01
1.810052347713990928e+00
-3.774440283840347021e+00
-5.725340471946410936e+00
5.451613526534010434e-01
5.194804707210834316e+00
-5.896547474409147283e-01
1.704646782316215692e+00
-2.090206497490687099e+00
1.140573492032138508e-01
-5.639010290914635348e+00
-2.747841774477489896e+00
-5.443955321527537805e+00
7.070887190385566345e-03
1.775406288043614111e+00
-1.972077569162086874e+00
4.152153018422216846e+00
1.140753747029816356e+00
3.989596094707736462e+00
-4.432535749277753956e-01
-1.615993764464093596e+00
-2.342449279732916056e-01
-6.184371583686406382e+00
4.204558946010835685e-01
2.654927435639557132e+00
-8.165188483850182033e-01
-1.672201049263524419e+00
-3.487725238003383854e+00
-4.488499775042865458e+00
6.233716737719468881e+00
-3.153011359196082442e+00
-5.499990910790135246e+00
5.323429167330610667e+00
2.785889861558889624e+00
-2.670998888032187768e+00
4.291068390855870551e-02
-1.567931762355451619e+00
-8.920377786219843230e+00
1.544006006895269623e-01
1.495976820098355642e+00
6.375733575627764438e+00
-1.983879171262660446e+00
5.201282971535975408e-01
-6.103596544660854661e+00
-7.339024993227372562e+00
-1.856746153681849976e-02
-1.317501309628684725e+00
-2.993423244247619852e+00
3.351847988899406605e+00
3.933451053136067355e+00
8.306897091822445844e+00
1.538303176614645718e-02
-1.003460605279293993e+01
4.488284210029637733e-01
-2.436634468259191610e+00
-5.352093379905133119e+00
6.018149005372230853e-01
-5.516884903612098157e+00
3.775396689596425492e+00
6.124916416369459160e-01
-1.931068060965813071e+00
-3.196031404080136973e+00
1.419703103275902212e+00
-2.383868829296018177e+00
-5.909151203737203595e+00
-1.441482326314456497e+00
-7.747676094294794424e+00
-2.481930301854584187e+00
3.744288172845134266e+00
9.725242337567545192e+00
-1.223033399160971202e+00
-1.714236627662033996e+00
