-2.254844912042764715e+00
3.091241960425036073e+00
-2.530174695413103692e+00
-8.795799237246282321e-01
1.029223980269265759e+00
3.810095479853287337e+00
-3.690683029156476724e+00
6.914337277686753991e-01
1.699722010260463101e+00
1.098113506677282469e+00
1.097673598913503490e+01
-6.482179945570052837e+00
-4.162011965368357380e+00
-5.799265527774448703e-01
-1.812146629408251552e+00
3.055605116246807640e+00
4.528621245089166081e+00
-1.451629914214663808e+00
1.702859008697120702e+00
5.040545564102579590e+00
1.607831761550458038e+00
2.054080112429059746e+00
7.250754730801579617e-01
4.641448307911543170e-01
1.863142760982397395e+00
-1.361271592887304038e+00
-7.448319566174292916e+00
-3.100268843287745213e+00
-2.532421955798895841e+00
1.881340548308872984e+00
-1.475524342509842768e+00
-3.951152620499138179e-01
4.385206099508145994e-01
9.015870272560411181e-01
-2.522875288689656159e+00
9.389303100930046497e-01
-5.995155372762504820e-02
3.878388943797089539e+00
2.556401922996081044e+00
-5.464960407993204150e+00
-2.173684529168743218e+00
-2.926054074466275523e+00
-6.348826539351746234e-01
-8.576661987912409302e+00
-2.837365945826524349e+00
2.701352158410096904e-01
-6.518629501598069531e+00
-7.412196374070132876e+00
-5.274126716210703947e+00
-3.663245105044313554e+00
-6.066546955067117608e+00
-5.601912018361858259e+00
-2.165774282443919674e-01
-6.350297630885823885e-01
3.236323074775624420e+00
2.815156749555991489e+00
4.404926079001791450e+00
-1.729143012738838525e+00
-1.293288580455971060e+00
1.466236068318744978e+00
1.922356171605962505e+00
-3.256536137615435172e-02
-1.629978533304217603e+00
2.315192070567658966e+00
6.341122350183901801e+00
-1.444887998173680632e+00
-9.089014098403771502e-01
6.450395110898194950e-01
-5.625053701838750975e+00
3.999820707658415575e+00
-4.734067895428619721e+00
-2.284943374060468990e+00
3.934112383326072937e+00
-1.342353449601455084e+00
-7.142319870331879095e-01
-3.623119985164288126e-01
3.975501951665704192e-01
-4.384590390190765130e-01
-5.645614806338353775e-01
-5.742089341354907006e+00
4.359751359178693164e+00
-1.157724844882239701e+00
3.631035009836764083e+00
-4.002810741120255145e+00
-3.410736108616852835e+00
-3.867883411458142628e+00
-8.619511036213569621e-01
2.848995289573911793e-01
-1.516431344586841368e+00
1.160376723619359396e+00
3.330219325271940312e-01
-8.015297717241072206e-01
1.448604315756972571e+00
4.049174887492846264e-01
1.615029997328417721e+01
1.787712300685322386e-01
7.674288562702249461e-01
4.259985512166863941e+00
6.444510023278646749e-01
-3.324207726138465602e-01
-3.934215593726850368e+00
-6.013381703626503594e+00
1.131522735181026817e+01
-1.037458915300172091e+00
-2.716038616708131848e+00
2.045730447196554280e+00
6.724206530052597053e+00
4.317765758048468072e+00
2.985891786462873121e+00
-7.741015301503171298e-01
-2.339666910269791789e+00
-1.298362333606514873e+00
-1.665602414722091362e+00
-1.205257665955000057e+00
-5.846755832409074038e+00
-2.872070979731004670e+00
-2.430639325037088072e-01
8.617728432372626202e+00
-9.177535958183945519e-01
1.478189668052804773e-01
-3.087125798023011569e-01
-6.782852126818026406e-01
1.165605594021437597e+00
1.940466766781085539e+00
-8.547343242607414737e+00
-1.499964492311249176e+00
-8.590817152287388847e-01
9.357757316998142727e+00
2.740720834217799773e+00
1.767579864160446212e-01
-4.593179918231509617e+00
-3.702144904883354348e-01
-3.568905443536951605e-02
1.555650685789694343e+01
-4.208199441083927184e+00
6.379787967857953213e+00
8.433446742075418001e+00
3.485576798442071578e+00
-5.119079901508174046e+00
-2.007803490959060078e+00
1.771488548943407348e+00
6.235346313157783538e-01
9.898659836606807927e-01
5.270921552257256337e+00
-3.246845941507130462e+00
-2.162487449303234777e-01
5.585182056472587364e-01
5.197855556909530605e+00
4.748323537263738459e+00
8.202338787650527152e-01
3.828747882503120703e-01
8.487471195173908356e+00
-1.225801539359423042e+00
-6.685394219170499142e+00
-3.643410492001922574e+00
-3.911974222460631312e-01
-2.169435850241283326e-01
3.737843455101870216e-01
1.511651018972614446e+00
-1.170331470930265683e+00
4.628472305055505998e-01
-2.638479195547466460e+00
5.729352852970034604e+00
-9.810168297690033512e+00
-2.779716557579406944e-01
-7.244028843238656812e+00
3.335929025419228644e-01
1.600227196178203748e+00
-8.956526600837779739e+00
-1.199964988770075708e-01
-6.155825901580809223e-01
-1.144354411353710788e+01
2.480000413993582065e+00
6.920366199906972327e+00
1.903591630618211905e+00
-6.518887263476997873e+00
1.591754600398605168e+00
-6.730059534639947216e+00
-3.883375853665057331e+00
-4.190138912818645589e-01
-1.856121822475495620e+00
4.543892683517015918e+00
8.730404987679047935e+00
-6.844453412394342351e+00
-3.422565439743063820e+00
-1.711407548808704937e-01
-3.709143388421585752e-01
1.003219645661103332e+00
-9.074885642644424877e+00
2.234223452546004296e+00
-9.944714487314081364e-01
3.248099513629166601e+00
-8.428939696976976981e-01
-3.341009771639380510e+00
4.957785939183088075e+00
9.821482749251325695e-01
6.392453665623579084e+00
2.755775586003977873e-01
2.029966528488987620e+00
2.224621787575054910e+00
2.372972596823148095e+00
3.424087764861535987e+00
9.558227166898026761e-01
-4.135056601682475241e-01
-5.567053654493629544e+00
7.255986157085347887e-01
-8.189744802010165969e+00
-2.841636270886860327e+00
-1.845898115621753821e-01
-2.573367026959508252e-01
-2.566876451355309730e+00
-2.658286269581325190e+00
9.617625903050599945e+00
3.588117460833380790e+00
-4.049770706173592694e-01
-1.024625884503520012e+01
-5.210528826048935969e+00
-1.386843591935377873e+01
1.588970686074508420e-01
2.197350575645724113e+00
4.408205210975162380e+00
6.264947528808570421e-02
6.913266604971440188e+00
3.369161234632155999e+00
1.693637975066254686e+00
-2.601301391733407797e+00
-1.031183102111415550e+01
5.490285234990434304e+00
-4.185517187983932574e-01
9.892181300280997874e-03
-6.208155321526874104e+00
-1.713279748902945698e+01
-3.663385498287944908e-01
-5.194258892040488629e-01
-5.998646616760695771e+00
2.860540771744848776e+00
-5.541033861160297391e+00
2.614317333478761995e-02
2.060168308312244206e-02
4.515893492603401782e+00
3.286537243310932999e-01
-1.042511067351481469e+00
-1.566007835410409665e+00
1.890513217943497193e-01
2.084004498810301254e+00
7.877915783310799114e+00
-1.140199661640014028e+01
-1.949455943979797601e+00
1.677367164545520151e+00
1.616275167647579636e+01
-5.119966445868747940e+00
-1.350238534512879118e+00
5.360571893852791980e+00
7.236959804408744645e-01
-7.477553770913750064e+00
-3.301482012303883273e+00
1.598782266164098020e+00
-7.631771644069268445e-01
-1.477028922966544533e-01
3.282346754430377489e-01
9.427181810295234277e-01
-2.294151043069733387e+00
-1.434930769116956384e+01
-1.234044977808551824e+00
-2.133712487463193253e-01
