2.190122595804519623e+00
1.772869037809831072e-01
1.467155456672855518e+00
-1.178553276857576382e+00
-1.795808775842294036e+00
1.935348670513389546e+00
-8.027624826178037409e+00
6.553155270682683442e-01
6.708031596821663056e-01
-4.304308391006991030e+00
-1.707413690329082412e+00
-9.768801344502155981e-01
7.949126738838771189e+00
-2.422083101676974159e+00
-1.314275468915287570e+00
-1.237191601664831220e+00
1.833850697339543812e-01
2.195646759587807750e+00
-2.899148619495577783e+00
2.904855359261926742e-02
2.812726918323761982e+00
-5.214772214571044007e-01
-1.959765307754760322e+00
-2.034147489943294029e-01
4.842887466438611233e-01
2.794168472706091144e+00
-1.714757190149351462e+00
-7.714121560146356416e-01
1.235759288969146663e+00
1.317735522305094609e-01
-3.421181833445412934e+00
9.987441551507225679e-01
-4.101737723335592278e+00
2.135343394384184024e-01
-1.038844989381633388e+00
5.790852386081766667e+00
-1.228778063345940641e+00
-8.202815627050614733e-01
5.955769368773898620e+00
-1.005317714786778893e+00
1.085908336325694945e+00
2.874271841265022331e+00
-2.011178151149850546e-01
-2.451656337681888953e+00
-4.024915302554647134e+00
3.336168670237530942e-01
-6.911704796147704499e+00
-9.575295629788202478e-02
5.265269415115577445e+00
-2.722860805729612643e+00
2.111375866207369167e+00
-6.962082255105201511e+00
-6.377897958681353785e+00
-1.553641509422491573e+00
-7.115136373147642468e-01
-2.721738563010991374e+00
8.312475673563366030e+00
-2.634902163334114533e+00
6.766898087216575153e-01
7.790854041543513464e-01
2.539815117160255653e+00
1.813286206650492005e+00
-6.924110429856826343e+00
-3.011325138094853582e+00
-1.609592981211170004e+00
1.483796799491249097e+00
-5.408867601859709495e+00
8.557901778492060796e-01
-7.714056041347677750e-01
4.615184881324089439e+00
2.869430648263775474e+00
2.881056061809208924e+00
-2.025875714631371949e+00
-4.420921395691911338e-01
2.982808936798855282e+00
-1.432907896025377825e+00
-6.187182859674367208e+00
-5.537935070570168428e+00
4.404179155962127945e-01
3.472276639880948146e+00
-2.193881546197211097e-01
5.528553165303378591e+00
5.569161539949480044e+00
1.413066827928292080e+00
3.909055060457569675e-01
-3.033969968778725268e-01
-4.744528264835002895e-01
-3.298652102424078247e+00
-9.598815193738566620e+00
-5.299258057916873099e+00
5.208667940388117756e+00
6.798784459515725409e-01
7.363731194138054548e-01
-4.103640725693051827e+00
-1.521594782713309342e-03
-3.531565917861071435e-01
3.295710814258141497e+00
-1.441424229785978062e+00
1.148075935793396951e+00
1.303225665148487700e+00
-1.753489123114013282e+00
-2.275884842447886691e-01
-4.558904054591180532e+00
-2.474437407267482958e-01
1.720539618447881614e+00
4.819003380874192111e+00
6.435111822278157589e+00
5.059122365148287948e+00
1.241592769252697348e+00
-2.027529450399404354e+00
1.125175745070599476e+00
1.846209445991967360e-02
-1.667947406833115265e+00
4.186455643192516993e-03
4.633420678273807880e+00
-1.690543918457894979e+00
6.895650354496027923e-01
-5.352169544715921212e-01
1.855341495192285084e+00
2.467952974642634967e+00
6.660553291545338261e+00
2.824609748406230886e-02
2.782343720439084400e+00
-1.465145168752914673e+00
-9.358597319760448840e+00
-3.155862211843464937e+00
9.214886404571773770e-01
-1.801823621278955345e+00
2.872582299837975195e-01
1.488837321678684322e+00
-4.131660226920518930e+00
-7.259170572459459070e-01
7.815067313382799696e-01
5.568141341250667509e+00
7.938051761073444013e+00
3.236936641632615630e-01
-1.719864537417180594e+00
-4.562207651015233623e+00
2.148858242876985347e+00
6.078156031532320647e+00
-3.638051282785781937e-01
9.117041551465792537e+00
1.039258046117408796e+00
1.454366288251654371e+00
-6.322085214529938879e-01
-5.672887639937962412e+00
-6.879286719421125795e+00
-1.820805058231673490e+00
-2.008477534621727845e+00
1.220013050046761638e+00
-4.812686614328626433e+00
1.361280804856125903e-01
7.473330190622918145e+00
-4.765237161632628893e-01
-2.554776025645417281e+00
-5.592633061883787171e+00
-3.778087755217630850e+00
-2.144908563584476124e-01
-5.142554460649032322e+00
-2.920930935970800668e+00
3.874823547749560504e+00
5.909348085556194174e-01
1.052705243248269751e+00
6.952565423186667815e+00
-5.262223950807559447e+00
-4.355991862010168525e+00
-1.445661971757195197e+01
3.317606878646892188e+00
-3.377680135861706456e-01
-7.201826744351340626e-01
-7.769651762440934473e-01
-1.187091016072064242e+00
1.462727382245698093e+00
-4.695452559755041722e-01
-5.351194694644163974e+00
2.351436827142333374e+00
-1.224877529689476940e+00
-1.561465371163689664e+00
3.685759962630302256e-01
4.949447328382683864e+00
2.100791490487575519e+00
-4.057269699662792162e-01
2.479731883104124845e-02
-1.328584510366304094e-01
1.016011507987087281e+00
-5.827063061384228249e+00
3.933567234252469014e+00
-2.179995584534160979e+00
-1.007854883779724098e-01
4.041892604424643931e-01
-6.506041036068543448e+00
1.190947390468657385e+00
-2.373114424590105020e+00
1.069947572299674299e+01
-7.370668333701758890e+00
8.417180007081615400e+00
2.012279396636776241e+00
-6.534208436541525389e-01
5.379090615324838565e-01
3.769825166363902635e+00
-9.857319962042708494e-02
-5.092618576697654831e+00
9.384411767677990068e-02
4.329528060766394404e-01
-1.177495935219150525e+00
-1.506680362619179370e-01
-9.645147389017136419e+00
-1.596266732373498476e+00
-1.784635952368077150e-02
3.032842501695187210e+00
-5.610494350798835850e-01
-5.107248517473623739e-01
-1.935427735566359053e-01
1.762104716106625091e+01
-9.474848022021484795e-01
1.890660326458228069e-02
2.371511032200276148e+00
4.422934721906583100e+00
1.144082132622685988e+00
-1.444309964161586857e+00
-2.947305089356658137e+00
-9.092146401709428893e-01
1.080145370572058283e+01
1.278514229807714120e+00
-2.129552658625167627e+00
2.702951911867150225e-01
8.602486169712134867e+00
-7.041042337253048400e-01
9.940476219207967645e-01
2.239163090585247762e-01
-6.131274555594872666e+00
-1.732789594043414372e+00
2.626244333577750556e+00
2.175766457800907272e+00
-2.875604021028700386e-01
-7.960876656185484901e-01
-2.489262300622464008e-01
-2.681970700111188766e+00
-8.283917243835503541e-01
3.581175981421340637e+00
4.307353140629389676e-01
6.042308122656521174e-01
-2.683771593570455360e-01
-3.466130126738488748e+00
-2.321359002248055248e+00
-2.021723050254893572e-01
2.461862664199437667e+00
-1.468749300888618947e+01
-5.361876965446094268e+00
-3.686121679521551897e+00
7.490669443373173308e+00
-2.918627546039788800e+00
-1.916012462202771438e+00
-6.512073573246035529e-01
5.069237592410328119e+00
5.169888015648418378e-01
-1.183935486012910099e+00
-8.013002593403489859e-01
3.538942224956927451e-01
-9.752030541083482884e-01
-4.285878199795538634e+00
-1.779218543885133785e+00
-1.307801067705445908e+00
-2.492044516945814414e-01
-1.568099059997003941e+00
