-5.011563548990427552e-01
-2.598782716652286773e+00
-3.194135079426954071e+00
-1.910038021075395331e+00
-6.401671855687862678e-01
1.914197960470082061e-02
3.620697901194700030e+00
2.180394227768432280e+00
5.106269109495078951e+00
1.213519052796846243e+00
2.671499431170814010e+00
4.518849188868077904e-02
-5.011604750863206448e+00
4.496903888341205469e-01
1.987071971067733589e+00
2.117290851061790491e-01
3.755376713661812804e+00
1.421075741168226214e+00
1.364390490166626613e+00
1.629502279288554734e+00
4.016404167165786632e+00
1.519708411290228600e+00
3.510927104133761301e+00
9.420267741871228839e-01
-6.204356234325643982e+00
-3.173777789249534464e-01
-2.427007059873975248e+00
-3.707276413256054282e-01
1.589433202703528225e-01
-4.804446885020823010e-02
-1.999289728497444685e+00
-6.600381427813942992e+00
3.356038259814579483e+00
-1.572723577871230738e+00
-5.752883084685631587e-01
-4.639852815482482740e+00
-9.278552658561622479e+00
1.347861361947688241e+00
4.327048019991433847e+00
-1.822357120883585591e+00
1.405322692901691539e-01
9.947874525126201850e-02
9.302743615569672997e+00
-1.737624061735064984e+01
2.829253486339206702e+00
8.903316980193377361e+00
3.454574610706006577e-01
-8.159754707654095010e-03
3.097041749402603905e+00
-6.848720273310533457e+00
7.993229356561960763e+00
8.222082602518241856e+00
-1.217337803429196441e+01
-1.910322718075050830e+00
-1.537149174540713403e+01
2.737416679575871981e-01
-5.219805619615979886e+00
-1.024704321505372911e-01
-4.502527347210858899e+00
-3.846934298662189611e-01
-3.170315871427225041e+00
-2.097818255513537733e-01
-9.528285402058806142e+00
1.289282961171738506e+01
-1.027057531800286583e+00
1.128080987074168640e+01
-5.092872581600170756e-01
8.213982336119020067e-01
3.265434034227787663e+00
-1.602236949556323564e+00
-1.189104101838705851e+00
-1.033636556637661741e+00
1.474605286011627214e+01
-9.188327727088221764e+00
-1.469956355232852285e+00
-5.588649600536437223e-01
3.829447558272867091e+00
-2.646561667032046872e-01
2.280711230523516445e-03
-5.977068138571620004e+00
1.241774065686080189e-02
-1.435889514720426874e+01
-1.371940000010341443e+00
2.397856686443527785e+00
-4.782124967962460893e+00
-5.450586172864741563e+00
1.588517456997417532e-01
1.036317982601446630e+01
-4.352589061968278189e-03
3.418663865578506211e-01
1.921615880495722450e+01
-1.642437267995529915e+00
4.930222347729836585e+00
-8.164298153247711909e+00
-2.543968321951518563e-01
3.190566612074359654e+00
7.269079915416092053e-02
-1.147058146321336380e+01
2.576197343347273350e+00
-3.983078889752183493e-01
-1.078833766752159562e+01
-4.558125263874179822e-02
2.108983846113735794e+00
2.305980726541981607e+00
-2.319355426437623713e+00
5.037211427001929920e+00
3.506821200879996159e+00
-4.608153779496190872e+00
-1.062002970857347783e+01
-2.866166892940010591e+00
4.317416155928169630e+00
5.479717662290014557e-01
2.048666469886969654e+00
-1.637123126875143697e+01
7.294363982120163348e-01
-2.375855837638161994e+00
-3.378001273996228626e+00
1.176439803016103802e+01
-1.535533334632336100e+00
5.095022004094714063e+00
-5.669480304764358713e+00
6.377321563080558420e+00
1.742936370614824426e+00
-1.055050347006694533e+00
2.720879038395842286e+01
1.973469093683960729e+00
6.011661455144098887e-02
6.561306269257269896e-01
9.124110741065316610e-01
-3.515847580000121653e+00
4.230622287843218698e-01
5.053258994161849982e-01
4.522289786390585320e+00
-2.578840564012144121e+00
-1.008960740462524708e+00
-1.532184150335143613e+01
4.963902790763818906e-01
-4.635934509040797735e-01
3.183731223381488284e+00
-8.738872372853757398e+00
5.553160937318234458e-01
-1.319602141875144241e+00
6.642794707479307448e+00
-3.597857422651373316e+00
6.946572170842454375e-01
-2.495167081407149823e+00
-8.794373431434934218e+00
5.009833369452154628e-01
-1.370792249645167082e+01
1.114397671610680041e+00
1.983175208525272959e+00
8.708463920999008678e+00
4.968853975204554629e-01
6.082984986041319431e+00
6.307563632917226215e+00
-5.507783132468268006e-01
-4.575545594648881220e+00
9.786023437012639770e-01
3.514946252435494772e-02
3.050739260068761061e-01
-7.512328666303356162e-01
-4.348984594942271187e-01
-2.214774849703964321e+00
-3.862009794541227059e+00
-1.488402437270192891e-01
4.883524059807747619e+00
-3.957008394266385842e-01
-5.289502442535082061e+00
2.254684394789405300e+00
2.991433686974448847e+01
-7.841259860721794261e+00
7.195517883173379037e-01
1.309698176160849936e+00
-9.376452265979207112e-01
-3.834365568441012173e-01
-3.819643270052179296e-01
-1.535083231816480875e+01
1.312643465877579452e+01
-1.218947898559231469e+00
1.290303555510305511e+00
-4.254803772633826142e+00
2.907665763167967654e+00
3.583774448162819759e-01
8.840703918284377849e+00
6.835635771152694939e-01
3.443730258116977083e+00
1.714014594006588732e+00
-3.724000725673075607e+00
3.813788458699061135e-01
2.455088434041332146e+00
-3.677291052569917174e+00
4.454597284910025934e+00
1.043626506953101440e+00
1.570934727881065474e+00
-2.582559745957567543e+00
6.566131727306185883e-01
6.609375101806588271e-01
9.843441336460887925e+00
-1.413101357788919786e-02
-4.415254065623713586e+00
8.080271778946916950e-01
3.010361570877605697e+00
1.168680898898483839e-02
3.469676723015803210e-01
-1.096215136733428741e+00
4.128510081768364870e+00
8.000499138548790024e-01
-1.917993447546606944e+00
-4.356951513325509895e-01
-7.632469559195504960e-01
-1.036910226932631041e+01
-3.382440347311018947e+00
1.108757659147736696e+01
-1.231703035317511380e-01
-4.857319726993309494e+00
8.830383089951874265e-01
-2.822714101513490892e+00
2.486160020090265377e+00
2.346640837564038407e+01
-9.789700240628523842e-01
-5.844742451622441770e+00
-5.769183901294559824e+00
1.190897317365617880e+00
1.133361633008505898e+00
-1.829451895621433843e+00
4.624735317691516912e+00
-5.637740259692915146e+00
-3.625235676637008631e-01
1.053863386248349965e+00
9.632163209407801352e-02
-4.438041218059601611e+00
8.304684099948708154e-01
-4.695118912339946160e-01
-2.998252924448188494e+01
-2.743751371903925929e+00
-4.605275120022550017e-01
-2.050230943028791830e-01
9.013588721706414120e+00
-5.787688904202537010e+00
-2.005505948876535172e+01
1.920889949217862602e+00
-1.133774459769540144e+01
-6.246531899109836194e-01
7.160284193788180040e-01
4.511787715049206948e-01
-1.166236418279692488e+00
1.800713936119474923e+01
2.111147787713403723e+00
5.758319122788077671e+00
9.499300512455598478e-01
-2.446484895864280418e+00
-6.824243884269163285e-01
3.366254095799093182e+00
-1.866806733238711047e+01
1.764952628425100256e+00
-2.744712218858332831e-01
4.706134866677743389e+00
1.130813586529906267e+00
-1.199509292519308090e+01
5.067319736648432382e+00
-4.179947974984692394e+00
2.315582902334136772e-01
1.895669128186819874e-01
1.218954710091407811e+01
1.094031889900478893e-01
