-2.345011307881325266e-02
-7.485328407164872466e+00
-1.032438383308430119e+01
-3.377503083336391043e+00
6.637298612429944900e-01
-1.894456410093197984e+00
-7.840593589083878712e+00
4.264430455433485534e+00
-2.512809893590407517e-01
2.252953574393267822e+00
-6.824117137289301915e+00
-1.001953024970784156e+01
-1.400466985594236213e+00
-7.138402576254203602e-01
-8.413481532808734897e+00
3.155314118589124917e+00
1.063983137362759734e+00
-4.600058074016946108e+00
2.837787526207921074e-01
4.224814564076281087e+00
-1.446048026419994192e+00
1.147424471910508448e+00
1.958426354651998880e+00
-4.423024033122956666e+00
-1.135163884703215587e+01
6.687418384688482709e-01
-3.553896958364147096e+00
1.410879113287604458e-01
3.280750625326821268e+00
4.398579530358873169e-01
3.637824621018815208e+00
1.321377177428824323e+00
6.643187252253174302e-01
-8.555675683871690751e+00
2.622570061809640585e+00
9.871318384884480643e-03
-8.504823648326959029e-01
-4.904194250129330968e+00
-4.723742761342936691e-01
-1.477711505239836631e+00
1.195286377553346768e-01
1.161993186081800467e+00
4.887017063802082006e+00
1.168973146463094359e+00
3.123541581071636131e+01
1.289303692171653193e+00
-8.085175630453404594e+00
-5.965303267151439437e-01
-6.882208776039563380e-01
-1.453257408314135191e+01
4.857645071748242227e-01
6.625659108395109520e+00
-5.181053337509847201e-02
-2.732274837321088112e-01
2.671881093767980442e-01
6.481227354484346392e+00
-6.554660549517276280e+00
5.195444680157894624e-01
-3.151931174702119698e+00
1.426007679147746954e+00
-5.731646697066562268e+00
1.631344223369556534e+00
-6.519619198495399282e+00
-8.604510581800486335e-01
-1.545266505273411362e+00
1.700636112997607796e+01
-4.998814483697636146e-01
6.410278938267431670e+00
1.742885879507968028e+00
-5.731588555580192923e-02
3.903957472676430118e+00
-8.602044356523460777e+00
7.037706025731518267e+00
-6.088645254430186782e+00
-3.014952273788961357e+00
1.905569229721364000e+00
3.235768274293032931e+00
-6.673955017779206189e-01
5.112507593747250390e+00
-8.255567791222384599e+00
-1.096623971463862901e+01
-2.674150802457935794e-01
-5.135005024742773927e-02
3.910147538519113120e-01
-3.935797460666945025e+00
-1.265861149708908062e+00
-2.781526438871952500e+00
-1.090381257477591070e+01
-1.574759902755582885e+01
-4.745843561646563735e+00
4.644552424140201974e-01
-1.032918944966476210e-01
-7.711344614196438130e-01
-5.876539965784728370e-01
1.058453855987184999e+00
2.224328051401557982e+00
-3.564177029325052981e+00
6.509182244717434784e+00
2.090019683638039893e+01
3.078007158483916594e+00
2.705793597656080518e+00
1.991292902122164143e+00
-5.534368895091823504e-01
4.716204196345263888e+00
4.155657747476472208e-01
2.777946976459513273e-01
7.727631564530597075e+00
-5.769755138699462771e-01
-1.420814664562378837e+01
3.203303362781395602e+00
-2.929740735923016537e+00
4.535231327681497615e-01
8.297309831823358461e-01
1.293181612663686142e+00
-1.680602697052266281e+00
-1.905604174391345396e+01
-3.194186439485033890e-01
2.070603729857810882e-01
8.240170661341743308e-04
4.846957015704750127e+00
-3.889114466436468298e+00
6.196625606685555177e-01
-3.976501743469420092e+00
-7.013500534332584024e-01
-1.618870767984519898e-01
-2.807903566655808536e+00
-1.317156551295881606e+01
-1.309446840973662818e+00
-1.831472762011068234e+00
-4.065732640239049900e+00
4.919389013873220473e-01
6.202118488109780614e+00
3.115138455892525748e-02
5.905209925181067465e-01
-8.753261305480595666e+00
1.197114971391945559e+00
-6.668585442863431134e-02
-1.612094226155128540e-01
4.282597431739375016e-01
4.080182210112262453e+00
-1.161277527483912220e+00
-1.981334371443778775e+00
-8.531437646288722032e-01
1.724382992720135122e-01
-8.398900720820012822e+00
-1.091723383226234212e+01
-4.939209188122057892e-01
-5.325104697287966538e+00
-8.318064903142495581e+00
1.765555829548882905e+00
-7.587075126887091514e+00
6.313417692683056526e-01
7.760864969410659064e-01
1.274865947219024243e+00
-8.247757035722136365e-01
-1.321930049678553987e+00
3.324522435706210199e+00
2.637761474615835100e-01
2.377306477071616242e-01
2.663281755175421206e-01
1.504673185621792086e+00
-1.004315405152009788e+00
-2.496529247729622369e+00
-5.775486649318512633e+00
6.600163145167939338e-02
6.265044923004812638e+00
-4.114807019107607822e+00
3.736113669575245488e+00
2.530950098921057823e+00
-7.321708775162879768e+00
-5.037025871331128002e+00
-1.266372844308865320e+00
4.371481334058499257e+00
-3.687422192768033735e+00
2.778947922542522875e+00
1.317416427095583042e+00
1.124329694043321615e+00
4.026425391150964539e-01
2.054868953471900017e+00
-5.816005841920135921e+00
9.895937289850395002e-01
-9.578076577994741880e-01
-3.322282566120365876e-01
-3.264047637295524940e+00
8.698034970715049496e+00
1.081185046284366624e+00
3.433698753370800105e+00
-2.090736776807201824e+00
5.430832282723589088e+00
2.028244379211713078e+00
7.081726179158174261e-01
6.367603757361830930e+00
-5.382831143022923648e-01
2.102693668638550228e+00
-1.794650411541290458e+00
-1.029339481619176100e+00
6.667579202611968903e+00
-8.540131081302689608e+00
-1.356556967713036421e+01
-2.751372909874237216e+00
3.612324691444631641e-01
-6.881689845742778866e-01
3.503857546775103193e-01
-1.132617737957450910e+00
3.519325207882634254e-01
-3.386792414681154106e+00
2.869228595038646024e+00
3.989484477854621236e-01
-1.656859240029459723e+00
-7.358927968596923108e+00
4.742325138652502825e-01
7.635385189759331226e+00
-5.574947044868787671e-01
1.243842615181180733e+01
-1.256141543157027529e+00
-1.212188647326248203e+00
-3.790603727938929968e+00
-7.035421049640230295e-01
-4.340074429058059513e-01
3.149629835298892178e-01
9.632166769294214781e-01
-5.294211279064333198e+00
8.437868972673376433e+00
-6.898841523300501599e+00
-8.710921854361240724e-02
7.725999404911642054e-01
-1.447098599511057460e-01
6.826547576711829990e+00
-3.581759680708237470e-01
1.755878791535856742e-01
-3.756134860346567628e+00
-4.754238568573765811e+00
1.561247767829172295e+00
-1.654727427734213219e+00
-8.983839120987784366e-01
-8.454562748414799600e+00
-3.688287433479156441e+00
-4.501440211211356346e-04
5.846510406619830347e-01
-7.015560508711878640e+00
8.578173845185287361e-01
3.326169847436538651e-01
-2.978505860372734348e-01
-2.559648575701062079e+00
-8.991007711653480783e+00
6.364472861968945239e+00
-2.206975232150383714e+00
-3.040595981052087282e+00
-9.332069770353919935e+00
3.532402198416017658e+00
-1.189358571711902401e+00
-2.056226598282014928e-01
4.334992582346082757e-01
2.414458449555498376e+00
-9.546336543225728555e-01
3.227517403534337248e+00
-1.253357260320395530e-03
7.995377809971470739e+00
2.311613531924167741e+00
-1.392202021163293502e+00
-7.043421474842432861e-01
-7.459700524653343212e-01
3.743606925156456544e+00
-8.019050901816527244e+00
4.624046942165802143e+00
