
0 48.174 -3.010732 10.451708
1 48.136369 -1.841288 11.368893
2 48.2699 4.735467 16.550277
3 94.852506 11.916056 21.157965
4 57.2699 19.256483 20.301475
5 57.197882 19.981394 22.555129
6 94.900134 24.284162 22.520034
7 94.900134 33.269174 20.902973
8 94.563558 31.665321 21.341751
9 94.900134 35.354854 22.185098
10 75.059829 32.338566 20.186059
11 84.881106 40.772851 17.76178
12 86.291917 42.193732 19.836797
13 86.470411 41.229024 20.025573
14 86.470411 47.286846 21.362123
15 86.291917 49.611503 24.464229
16 88.136369 58.256962 17.461056
17 86.291917 56.331788 20.122726
18 84.881106 66.753773 11.562197
19 86.291917 66.521681 15.061237
20 86.291917 69.972006 12.499962
21 86.291917 72.005908 8.942694
22 86.291917 72.427586 9.264717
23 86.291917 75.175511 7.023488
24 86.291917 75.401096 6.738311
25 86.291917 77.251118 6.158646
26 86.291917 79.569099 6.454267
27 86.291917 80.34744 5.754203
28 86.291917 81.686761 5.524315
29 86.291917 82.683541 5.231698
30 86.291917 84.944066 3.649997
0 48.023649 -1.919946 11.454487
1 48.013548 0.671053 13.400141
2 75.2699 10.826983 21.329559
3 66.2699 9.115809 20.813621
4 57.241098 12.900861 21.430966
5 66.2699 14.837966 22.103268
6 94.900134 31.118464 18.840832
7 94.852506 29.009511 22.93554
8 75.2699 23.920572 24.191817
9 94.563558 33.575358 22.020607
10 75.2699 35.962622 22.581388
11 94.888012 34.415383 26.113502
12 94.918596 39.149528 30.188548
13 94.900134 35.347344 35.702504
14 94.900134 45.781177 33.868049
15 94.950144 48.013117 35.763834
16 94.912404 55.739602 34.862726
17 94.900134 61.637925 36.393088
18 95.016393 71.771177 30.353824
19 94.98272 85.969931 13.012535
20 94.98272 89.271442 10.273016
21 94.976119 90.479822 9.413809
22 95.023266 89.875321 9.940427
23 95.030187 92.880351 6.774613
24 95.030187 93.774904 4.740907
25 95.030187 94.738988 1.963155
26 95.030187 94.903856 0.26344
27 95.030187 94.947418 0.138823
28 95.030187 94.951106 0.160843
29 95.030187 94.938293 0.083462
30 95.030187 94.932775 0.164607
0 57.130703 -3.194839 9.618167
1 39.013548 -1.562881 9.38945
2 39.179917 3.031265 14.356943
3 57.013548 12.180859 19.162888
4 66.176954 14.055217 22.047029
5 75.2699 17.73824 22.037411
6 66.2699 21.605042 22.310986
7 75.2699 23.660584 21.491307
8 75.179917 35.489698 16.839552
9 66.2699 32.107217 21.477072
10 75.2699 42.585848 18.29839
11 94.852506 47.857415 19.098263
12 94.918596 50.612546 20.263823
13 94.852506 56.770658 20.788053
14 94.852506 55.682141 21.05017
15 94.918596 62.845447 20.259894
16 94.918596 65.876151 20.840099
17 94.918596 62.756232 20.345356
18 94.918596 64.60433 19.925361
19 94.918596 67.676811 19.593958
20 94.918596 70.963615 16.847911
21 94.918596 70.50342 19.365359
22 94.918596 72.051876 18.751769
23 94.918596 71.300237 17.635679
24 94.918596 72.329663 17.899991
25 94.918596 77.103056 17.396309
26 94.918596 77.503872 17.898177
27 94.918596 78.02717 18.590684
28 94.918596 82.213294 17.888309
29 94.918596 91.183268 11.184606
30 94.918596 93.503236 5.002636
0 39.144928 -3.713745 8.53097
1 47.983843 1.486177 14.179945
2 94.852506 4.577768 18.002382
3 48.168118 10.482366 18.688212
4 66.21004 24.699235 20.8572
5 57.013548 24.091405 20.646426
6 65.512316 34.438476 19.692814
7 74.515365 37.86413 20.623166
8 83.877435 35.500341 22.367774
9 92.475317 38.810635 23.765054
10 90.633853 40.655435 25.32682
11 91.538543 47.743296 24.352117
12 92.201063 55.062516 22.554235
13 92.339214 62.606273 15.940106
14 92.796113 64.086312 20.297461
15 93.738543 71.643287 15.711708
16 94.174 74.415655 13.944247
17 94.174 76.470211 18.219196
18 94.174 77.70062 15.797383
19 93.976954 76.220838 17.623437
20 93.976954 81.655613 13.175237
21 93.976954 85.95296 11.393461
22 93.976954 85.783022 9.957296
23 93.198585 89.991944 7.428337
24 93.198585 91.309875 6.066149
25 93.198585 92.835347 1.889344
26 93.198585 92.343596 4.263461
27 93.198585 93.072348 0.378711
28 93.198585 93.14809 0.247373
29 93.198585 93.110219 0.32209
30 93.198585 92.986831 1.861584
0 39.013548 -4.35431 6.322578
1 39.179917 -0.852763 12.15092
2 48.105597 7.534836 18.397595
3 48.2699 17.712064 21.572705
4 84.881106 20.615187 23.878022
5 57.179917 23.382563 22.515452
6 65.824133 32.685556 18.841541
7 57.179917 30.575396 19.595026
8 94.918596 36.715889 20.745771
9 85.00307 37.764859 19.212957
10 85.675641 45.387816 16.096909
11 91.501926 49.19207 15.78512
12 93.598585 53.608545 17.516139
13 93.593647 57.58827 15.528806
14 93.631292 62.22615 21.806399
15 93.631292 73.823462 17.392489
16 93.631292 81.918675 16.320383
17 93.631292 86.715899 11.955703
18 93.631292 86.31011 11.322913
19 93.631292 88.144025 10.963643
20 93.631292 89.357672 10.631269
21 93.631292 91.45063 6.331243
22 93.631292 91.871103 7.089107
23 93.631292 91.720774 6.941418
24 93.631292 91.255336 7.812799
25 93.631292 93.335647 1.118843
26 93.631292 93.214548 2.015706
27 93.631292 93.535087 0.283446
28 93.631292 93.199491 2.661749
29 93.631292 93.579751 0.134685
30 93.631292 93.56692 0.227836
0 39.2699 -1.838767 11.169355
1 39.203942 -1.560332 11.170325
2 39.179917 3.029008 14.372849
3 39.250607 12.258186 19.004856
4 56.681032 21.423713 20.177481
5 66.013548 21.835578 22.604773
6 66.006039 25.065904 21.881231
7 57.122264 27.869638 19.709977
8 57.203942 35.782824 16.87729
9 66.2699 39.741136 17.702345
10 57.200907 45.065283 13.083766
11 66.127882 52.621657 8.08662
12 66.194865 51.44518 8.415379
13 66.266659 49.834865 9.402352
14 66.266659 52.06938 9.310563
15 66.266659 54.60375 9.771248
16 66.266659 57.292582 10.57829
17 66.266659 55.614293 11.571873
18 66.266659 56.921061 10.702353
19 66.266659 59.882322 9.156062
20 66.266659 59.086686 8.508016
21 66.266659 59.376777 8.189035
22 66.266659 62.452671 7.032085
23 66.266659 62.717864 6.992664
24 66.266659 62.268029 7.72259
25 66.266659 62.361248 7.283406
26 66.266659 64.084713 5.87964
27 66.266659 64.179687 5.691611
28 66.266659 63.898521 5.9751
29 66.266659 64.274106 5.663315
30 66.266659 65.901726 2.539253
0 48.013548 -2.751509 10.562713
1 57.2699 -0.681617 13.051602
2 57.127882 3.74598 16.463364
3 48.013548 5.595433 17.410903
4 57.253797 11.517301 20.865673
5 57.119467 18.657063 19.092436
6 75.228559 25.956941 20.118481
7 75.2699 32.189395 17.572733
8 75.2699 36.817868 16.76765
9 57.2699 40.053537 16.454715
10 75.2699 48.774372 14.749635
11 94.918596 49.265944 19.490352
12 94.918596 59.179265 18.979864
13 94.918596 59.016415 19.613055
14 94.918596 65.49965 18.367725
15 94.918596 67.871109 18.184952
16 94.918596 69.351814 16.132078
17 94.918596 71.355942 16.14785
18 94.918596 68.547432 18.294008
19 94.918596 75.575307 16.778764
20 94.918596 74.839468 16.806537
21 94.918596 72.991727 15.251083
22 94.918596 77.470884 16.936622
23 94.918596 76.656163 17.921417
24 94.918596 79.529286 16.382824
25 94.918596 77.74178 18.373714
26 94.918596 77.259467 18.02109
27 94.918596 78.6282 18.769747
28 94.918596 78.373324 18.935888
29 94.918596 79.680829 18.851738
30 94.918596 79.163979 19.368589
0 56.483807 -3.462625 9.820555
1 39.179917 -2.093416 10.106036
2 48.070411 2.214898 15.276692
3 66.013548 7.851815 19.548032
4 66.2699 14.310169 21.404547
5 66.2699 17.997202 23.092141
6 57.179917 22.473323 23.398521
7 75.031292 27.508115 23.327242
8 66.176954 26.756129 21.967388
9 74.983843 30.411702 21.846841
10 74.983843 32.563214 20.469816
11 88.336369 32.164706 24.067742
12 75.089203 28.955075 26.723719
13 84.283798 37.434769 27.957819
14 88.336369 40.552012 29.048714
15 94.900134 54.767645 28.863132
16 88.994865 53.015685 32.371667
17 88.988859 68.137224 20.193129
18 89.382889 75.754534 10.725035
19 88.336369 76.676327 9.062269
20 88.336369 79.565808 7.045781
21 88.336369 78.814408 8.857804
22 88.336369 79.310668 8.350539
23 88.336369 82.333465 5.789276
24 88.336369 83.014381 6.47974
25 88.336369 83.02134 6.259907
26 88.336369 84.133905 5.410044
27 88.336369 83.037604 6.553904
28 88.336369 85.033201 5.348403
29 88.336369 85.450822 4.829576
30 88.336369 85.11171 5.04893
0 57.194865 -2.049448 11.800293
1 48.013548 -1.828272 9.637032
2 75.078422 2.505793 15.650454
3 57.070411 9.134197 17.17292
4 48.013548 15.416778 20.317427
5 57.302907 22.738965 20.901333
6 48.013548 24.822391 19.098386
7 66.013548 33.42657 16.37274
8 57.179917 28.49542 19.581313
9 75.253797 28.857125 21.492653
10 66.2699 34.548167 18.027902
11 57.2699 34.332006 16.579834
12 87.656997 37.260253 17.59541
13 94.785064 34.837699 17.242699
14 94.852506 49.46131 23.118777
15 94.918596 57.513693 20.936019
16 94.852506 63.854975 20.470084
17 94.918596 65.590272 19.751736
18 94.918596 69.668603 17.059558
19 94.918596 69.56255 16.091601
20 94.918596 73.662324 15.874307
21 94.918596 76.229719 16.904467
22 94.918596 75.525883 15.825525
23 94.918596 75.331044 17.631275
24 94.918596 73.513862 16.750635
25 94.918596 79.045471 16.045718
26 94.918596 76.416175 18.133003
27 94.918596 79.228408 17.850679
28 94.918596 77.136748 17.667072
29 94.918596 78.00306 17.681907
30 94.918596 78.241416 18.728302
0 39.013548 -2.848497 7.731671
1 39.013548 -1.383705 9.999746
2 48.018586 2.739369 13.556062
3 66.323246 8.32364 18.446481
4 75.2699 18.982568 21.227436
5 94.900134 25.134313 23.309784
6 75.2699 29.268099 23.211163
7 94.976119 35.486124 24.150601
8 94.918596 37.202292 23.720017
9 94.785064 43.662386 20.540523
10 94.918596 50.556973 22.950505
11 94.852506 52.604355 20.083004
12 94.852506 57.312522 20.515781
13 94.852506 60.614117 19.57608
14 94.918596 62.487202 19.662629
15 94.852506 60.078238 20.115398
16 94.918596 65.235765 17.562064
17 94.918596 67.127538 19.578794
18 94.852506 67.887974 18.057348
19 94.918596 68.741788 16.198407
20 94.918596 68.624143 18.189421
21 94.852506 71.879043 18.246154
22 94.918596 73.403989 18.322427
23 94.918596 73.821622 17.397362
24 94.918596 75.648894 17.639187
25 94.918596 75.36218 17.912227
26 94.918596 77.893775 17.35207
27 94.918596 80.182379 17.553436
28 94.918596 82.407666 15.700471
29 94.918596 82.837107 16.898588
30 94.918596 78.515288 18.308232