5.652115220344656521e+00
-6.444816641043802363e-01
-4.471586280691184356e+00
-5.432520569290383072e+00
1.838432066600461934e-01
-1.299061402768372613e-02
3.032856975812326938e-01
-1.108538114103697764e-01
-8.982139319475415107e-01
3.427068852133491328e-02
1.658205283271177555e+00
-1.805210272299229812e+00
7.133265761891637524e+00
-1.346926878670329009e+00
-6.194996281080722866e+00
6.752874842526932486e-01
-5.735403793076592205e-01
1.037138993888283522e+01
-2.680758252885543924e-01
8.749350532312694106e-01
8.702353478923778862e-01
2.533455833209278252e-01
-1.168936616582519239e+00
1.512433857570671947e-02
-1.224363603727133487e+00
5.485585342357862659e-02
7.274676619050839399e-01
-1.883269546821271678e+00
1.921843653953199116e+00
2.566957131347477605e-01
-6.024804818652841121e+00
1.474374655383801302e+00
-6.410468316683586298e-01
-8.229455942869140728e+00
-9.823180231768811055e-01
7.129052633303137876e-01
-2.119673874836128236e-01
4.416210832410549791e-01
3.803679841306604748e-01
-1.153579304575970826e-01
7.664605020726446227e+00
-3.589713715131606642e-01
-3.439752364176615007e+00
-5.913752182377580269e+00
-3.783348595549340665e-01
-4.361303309060773348e-01
1.923165576694397139e+00
3.345624723741308593e+00
-2.656493860878044622e+00
-1.828126382957406815e+00
-5.253322499978262811e-02
1.300164015684676766e+00
2.300329223942183532e+00
-6.821344233440612692e-01
-5.394635035723871042e+00
1.002046167730293202e+00
2.409329840688833713e+00
-3.717253804236734238e-01
4.603708600495821202e+00
-3.262019850446629121e-01
3.253306954658928274e-01
8.992936075756619019e-01
3.273190304655734906e+00
4.228779642342042067e+00
1.054981604077694435e+01
3.288563226185278743e-01
1.170868336974944635e+00
-4.653540100262801182e+00
5.009177343175707620e+00
-3.072633401339358361e+00
-3.258317466849787736e-01
-2.709288037351917366e-01
4.219769919774981615e-01
-2.381644857863203235e+00
5.698162311610294850e+00
-9.068950312024725013e-01
-7.754322940158045463e-02
-3.817304855684605869e+00
7.718360706896618684e-01
1.103785635671846954e+00
1.112856226882166899e+00
3.486151464525748533e-01
3.303561586945115147e-01
-5.759463309718523272e-01
1.924417452750905588e-01
3.580672711654270923e+00
2.479657717362292874e-02
1.934460399564684741e-01
-7.750484752409105838e-01
-7.719838173099502487e-01
-2.765049397621468508e-01
6.713954010348777146e-01
-2.133985844486199213e+00
-2.636637443967793648e-01
1.771741635975318530e-01
-9.201437388198648870e-01
-1.394492688190046570e-02
-5.681233159259212684e+00
-8.231740873742406706e+00
-1.426970696679979511e+01
8.053645062392995602e-01
9.710912589548141849e-01
-2.127296613076922416e+00
3.706959882692768105e+00
6.343533663466724981e-01
2.951606352963749291e-01
6.172910519713574740e-01
7.999399072441139014e-01
-5.639118078050971983e-01
3.469838506429838709e+00
7.490733828322704291e-02
-1.242827848875367680e+00
3.257636274905761908e-01
-2.091211307865938451e+00
-2.820640017469513289e-02
-8.611883497947617760e-01
-1.464298272700168102e+00
5.917455120715511274e-01
-6.498548176669437737e+00
1.862768709561405389e-01
1.695132200264230782e-01
-5.248652364817289140e+00
-1.178952429805899538e+00
6.133372134627713274e-02
-8.726000692867477149e-01
5.514013611553763017e-01
1.641173784203188379e+00
2.493650909238969704e-01
-4.964801306958886329e+00
1.449744638636267791e+00
-6.521414393931133091e-01
-8.200362759838698834e-02
2.667648489737908690e+00
-7.515418864646288277e-01
-4.433410800965402743e+00
5.911207679658010417e-01
2.424068318245897469e-01
-1.833723228778724179e-01
9.822851152664859031e-02
8.922165235871679201e+00
1.119409419122605387e+00
2.994480544585869985e+00
-3.395281435737063536e+00
-6.461646925743986358e+00
-1.750340693831490047e+00
-2.274952672733725922e+00
-2.935511238478746954e+00
-3.488051589397618835e-01
2.745518466804777624e+00
-2.500115630588790189e-02
6.846269552766977018e-01
5.047959430602662334e-02
3.268181305687066773e-01
2.198156311568167265e+00
1.486261596791860651e+00
-2.761464457966182451e+00
1.119411951715055809e+00
-1.663207304476463699e+00
1.728010791412484703e+00
-1.882901363329838818e+00
5.043431463679611815e-01
-6.774748475131364245e+00
4.353883235689490760e-01
7.566718781221487333e+00
-2.237490406310987112e-01
2.718340371812627332e+00
1.193314903107633995e+01
-1.001185844104386291e+01
9.196293398009069975e+00
-2.633660697370738379e+00
-1.068976560652990182e+00
-3.296630659794808071e-01
-1.635220885599384943e-01
1.276075990509225733e+01
-1.326309241507506176e+00
4.101447815919348372e+00
-4.110750315323903892e-01
-7.611270881560152191e+00
-1.695164117431868345e+00
-4.919088233900678064e-01
-1.023717660403088869e+00
-5.912482917526052262e+00
2.156300352644057727e-01
1.687364739856763274e+00
1.474901456126819443e+00
2.977561028291129563e+00
-2.029081917923088341e+00
-3.484244304117831703e+00
-1.967058395759865075e+00
2.962823047313252744e-01
4.482576681492961512e+00
-3.206191964128598304e+00
2.398039885103012914e+00
-7.718434151300902490e-01
-3.240513783282558791e+00
7.163660658254460856e+00
-3.109810665497632520e+00
5.286595332121875046e+00
1.000356647248352937e+00
3.289154915129719470e+00
5.005932419505347841e-01
-2.785124772342721933e+00
-3.266741587588281592e-01
-5.364264855725282999e+00
2.637672788495855070e-01
-5.349143772802265495e+00
8.026366600661800632e-01
-1.283747753922552803e-01
6.747152753278259141e+00
2.094974651247770048e+00
1.358163943118078087e-01
-4.514954196958006483e-01
2.216478688464583513e+00
-2.913865892973195246e-02
-1.820054195800645758e+00
-3.154430354502680278e-01
-3.420640175810165662e+00
-5.482298703969660236e-01
7.784626147946394070e-03
1.809043292761731037e+00
3.031622371907533031e-01
2.704056698774871315e+00
-6.652391067756376064e-02
3.890433124634045559e+00
-1.001149987448796796e+00
3.139989084135795139e+00
-8.083519514828097385e+00
5.799137602133199731e-01
1.282253285774238361e+00
-2.735676988304331481e+00
-1.027179548724106883e+00
2.382219401028854655e+00
3.967974577463261987e+00
-2.274412388964944243e-01
-6.546584456530976093e-01
6.938194801866125472e-01
-6.586984240243496380e+00
-9.598055678873772534e-01
2.855733684983335352e-01
-3.297086732462213288e+00
-3.464047594109951334e+00
-5.889947729215355920e+00
3.545845837144343982e+00
1.023581715068808462e+00
-5.678050557588402825e+00
7.145071821505767362e-01
2.291336416835713319e+00
4.225652958225891709e-01
2.408945239217637369e+00
-2.380989246503881773e+00
9.895159775483772790e+00
-6.087425550628484672e-01
-1.252970350682626410e+00
-5.834748789589749851e-01
1.443889394738256504e+00
-1.657585334567682755e-01
1.100422550205530259e+00
1.942187766171820762e+00
3.141099814526551626e+00
5.963493056119578029e+00
-1.351615510510726370e+00
1.450501717698405413e+00
6.777045614776856519e-01
-9.665741433901815505e-01
8.173249888696302534e+00
