7.921941473319266791e+00
-1.778451760180627117e+00
-1.425091318306456500e+01
5.257235496486123427e-01
4.581799642312960330e-01
6.571194514521692120e-01
7.721515131216745154e+00
3.588338345636786775e-01
-2.075157136111469569e+00
-1.525023873687708087e-01
2.113906023148755864e+00
-2.408695430167642648e+00
4.157909354294155868e-01
8.763513009428856859e-02
3.825643677650468755e-01
-3.594876277138127074e-01
-2.465256403076298231e+00
-5.932624585375696924e+00
5.271267381665395435e-01
-1.222074239995208345e+01
-1.105337883662389720e+00
1.674253568906002965e+00
3.811459065107139832e+00
-1.439577661374846684e+01
-6.926275121345173424e-01
-5.694566031324324040e-01
-3.106022312830067911e-01
5.314300891605050481e-01
1.302280845356111216e+00
5.115522851931729065e+00
2.506833571866894594e+00
-6.549889349412096884e+00
-3.942941173466395721e+00
-6.341350127814711968e+00
3.264513987052477084e+00
2.647514519143027822e+00
-1.015855817838955844e+00
-1.141963347159617559e+00
-6.733152923191290995e+00
8.484163130707123024e-01
2.316206954744106095e-01
-2.883917762654112926e-01
-3.086857463428210657e+00
2.438728386834965178e+00
6.844163467938899181e+00
2.382610350899392326e+00
5.124959527313646568e+00
-4.969677477364786711e+00
-1.294977359344976486e+00
-1.312904010845787894e+00
1.787542084146179766e+00
-1.668938508473928106e+00
-1.293395229426924198e+00
1.222489813308522244e+00
-7.210975388753659843e-01
8.136267943479624787e-01
4.992340695567191178e-01
1.045347411074082800e+01
8.085565769619291743e+00
-4.275559131903433618e-01
-8.256211166061748763e-01
8.046227707517579208e-01
2.713982556282422465e+00
-1.453401525693343466e+00
-6.556511584035042972e-01
1.195822368786526368e+01
-5.126091335217337175e+00
-2.762959140208418596e+00
-2.277688296988558569e+00
-2.369921396711570649e-01
6.957602491919922194e+00
-1.696080003010877579e+00
2.035749082016788947e+00
-1.598304511089398083e+00
-1.184535648717522260e+00
1.565706863491636902e+00
-1.321515868776922620e+00
1.509253978462347767e+00
1.002947145718479760e+01
3.370555198297632837e-01
-7.190296152462594126e-01
3.570340988750229094e+00
-1.025673623352499675e+01
6.319008680535400657e-01
8.059599301406606742e+00
4.046307956175205334e+00
2.038269439995815802e+01
2.640979247945696606e+00
-1.364296024837102106e+00
-2.323498000763957738e-01
-3.675181649321030530e+00
2.480331837784064963e-01
-8.555579488664790677e-01
9.632853433502646112e-01
4.125960147179300819e+00
-7.385073448960084441e-01
9.231391836793231276e-01
-3.630869742220693697e-01
8.398809296365641330e+00
-1.041360093098532502e+01
-6.948468326502547088e-01
8.477746026983433714e-01
-1.331158328459740137e+00
7.321729760456773262e-01
-3.740694464521232554e+00
-9.464848716778025972e-01
-2.979612809591575040e+00
2.817714134235367318e+00
-8.341039747593967935e-01
1.047731862739839759e+00
-1.130520111018877216e+01
1.681298685091876743e+00
1.191883413925989288e+00
-6.630208761583408772e-02
1.187838939241794733e+01
1.569071776951982500e+01
8.979870335678731275e-01
7.428255168953912246e-01
-1.142487714268907162e+01
-8.687450131794907549e+00
-1.531705769592499045e-01
6.454957721146571681e-02
-1.096347701605986380e+00
-1.571938807084906908e-01
9.137108026621094670e-01
2.238554411488638540e-01
-1.046276006313270196e-01
-1.786372005391401174e-02
4.854916338272241561e+00
-8.679561406420378544e-01
5.185465463776187889e+00
-5.039354988815794023e-01
4.312750296139572725e+00
-2.199509926086591705e+01
-5.322265151648505999e+00
9.599179227348730858e-02
8.849082701956485053e+00
-3.027777303981251222e+00
6.806193952269026681e+00
1.252565420966773591e-01
-5.210972876543062959e+00
5.944383226398868292e-01
-7.153096891510255517e-01
-2.877805972335768292e+00
3.111404288272370255e-01
-8.196958094326877386e+00
4.293846429876277959e+00
1.248897712406808935e+01
-6.599118203144681560e-01
-6.451139539617365415e-01
-5.636772489217933835e-01
1.037402852276950060e+00
-2.015520303330408103e-01
-4.629273433244671665e-01
1.078472620984996855e+00
4.335947777880202025e+00
-5.516884128410632915e-01
1.102292152410060844e+00
1.806381110622597985e+00
-1.098559974840305764e-01
-2.240323180920496871e+00
3.341906592637204909e-01
8.296190913495584685e-01
8.747429444155618850e-01
4.189058199163262053e+00
-1.739746239909874603e+01
2.643938940150856176e+00
9.268912861996316810e-01
4.438035012430307624e+00
1.038771851992625450e+00
6.912973465061542200e+00
-9.459441719984793551e-01
5.784522619691164103e+00
1.002386530037745471e+00
-9.268198603955414283e-01
-1.160230490118606461e+01
-5.956904763191650520e-01
-8.809359919230027591e-01
-8.947422709145628206e-01
2.005470303088630502e+00
6.938517199559133264e-01
-4.233054249570671335e-01
2.423437381430279647e+00
9.086161244037718188e-01
-2.779678876758812311e+00
7.659100920127440149e-02
-8.200472127207644846e+00
-7.977926623771702808e-01
-9.142387806468927902e-01
1.767395729477259370e-01
3.014043086705174090e+01
-3.963331047987600497e-03
-1.242158691570233486e+01
-4.912929341136345940e+00
-4.353979318276621907e-02
-1.687625453685402732e+01
5.714482403102330466e+00
-2.172480779131239631e-02
-3.646218053630770228e+00
-5.674136231370451311e-01
1.043737193350135817e+00
-1.483082190512653220e+00
5.946540319479270975e-01
-8.802183609838824196e+00
4.158978804860209988e-01
3.889630001911109858e+00
4.911470799848165480e-01
-2.412036952057259764e+00
1.161351199321644767e+00
-8.387029840779072210e-01
-2.813109986232902315e-01
5.424764782555062670e-01
1.648237702415994477e+01
-8.059093530569414465e-01
8.013521115578448040e-01
-1.182925037864676343e-01
-3.651152373115047922e+00
4.383495110029453357e-01
4.135768867857431696e-01
8.942320246171914233e-01
-5.709088296345330438e-01
2.825447835192480994e+00
1.395643422946535539e+00
-3.019118810936558539e+00
-6.788864946934949351e-01
-3.155784830958479614e-01
-8.271249957994275093e+00
-4.458201406336608219e-01
-4.748554944519012833e-01
-4.439758223797396930e+00
3.024316537574454511e+00
-5.225218960395900947e-01
3.175682842828085883e-01
1.436423732626260774e-01
-2.001699426720856323e+01
-1.530044702244920884e+01
-4.365358421845206421e-02
-7.215028281904870333e+00
8.525172799068077012e+00
-7.889268781597147395e-01
3.488040483009197779e+00
3.826506528309227551e-01
-3.270301629289988021e+00
1.302058455439068396e+00
-2.238751699460359568e+00
-5.368687489884846897e-01
5.965906266649914080e-01
2.203490449862203882e+00
-2.287294931160364087e-01
-1.915144896120563600e-01
-1.487036529525088824e+01
-8.312707051382293155e-01
-1.949746980354055470e+00
1.938239156915678496e+00
-9.262136705388157587e-01
-3.462385053342063479e+00
1.013593786176176348e+00
-3.495358682574190468e+00
4.235839864701753221e+00
7.376444845643163051e-01
-7.446336849723248719e+00
3.131497406613349632e+00
6.325246092280816246e-01
-9.562507421305397326e-01
-1.971399983100650788e+00
