-4.347233121728415028e+00
4.545901708927932994e+00
-3.687132249177360599e+00
6.238727509764222745e+00
5.018846887499512910e-01
2.233107171497929200e-02
-1.414031206919536920e+01
-3.993607583133338967e-01
2.642684093915406152e+00
-7.478356454338269899e+00
-6.380352750525599248e+00
-5.515752051661498151e-02
1.412933875403216966e-01
2.800607836128164330e+00
-7.947478569935632065e-01
2.561195799391032146e+00
7.061634723613270381e+00
-4.880263448085918832e+00
-1.906468268760284912e-01
5.380582247254367401e-02
-2.001804005991072444e+00
-6.978434469889680969e+00
-6.334545466426533267e-02
4.643081548614751419e-01
3.283363001760069011e+00
-5.386869841227388989e+00
1.518126868600519208e-01
-4.477013221566151557e+00
2.238095573911558223e-02
-8.642430166689242910e+00
4.124305343449624850e+00
4.621213047278436847e-01
-6.246453773729323089e+00
1.322748591744116187e-01
1.282742305533727034e+00
-7.787452882824105416e+00
2.427563400341771482e-01
1.547182597103658352e+00
-5.017794508107245588e-02
1.462664802919926732e+00
-4.377893306922368000e-01
5.756944535612321667e-01
1.025233248637036354e+00
-9.282193662765384490e-01
3.065091629534587359e+00
-9.279386744263827813e-01
8.841576665096717580e-03
6.980453856632492515e-01
-2.301086382425552301e+00
9.147211109020761954e-01
-4.112493049338508122e-01
8.671803056955553757e-01
-1.283744668894317223e-02
6.938989932044553832e+00
5.333981259224791494e+00
4.184288897333460433e+00
1.112710888838182255e+00
1.675081854479015586e+00
1.476587672704430532e-01
2.522203315716160965e+00
2.810031415830824275e-01
3.768656487415021628e-02
8.687338202084248451e+00
-6.289333591924878952e+00
1.335291993842485647e+00
1.301822090642246188e-01
2.697381250466800440e-01
-2.585908473650723405e+00
-8.072489844178668550e-01
8.654017151210278147e-01
3.464511182014971880e+00
6.499189262795538324e-01
4.491008560941735506e-01
-9.249867619566655152e-01
2.046380929168544416e+00
-8.840550844749998305e+00
1.780162970690277180e-01
-5.626342912305966060e-01
9.774004719424891352e-01
9.717370239389053754e-01
-2.665595919961035593e-02
1.025729843577460471e-01
3.798606119573810336e+00
-1.089769927081303547e-01
-1.673702110501393836e+00
-4.869697700245292915e-01
2.982608006430842451e-01
-2.585668939925773291e+00
-1.673550629824422487e+00
3.792345021480196809e+00
1.439387797452791606e-02
-3.886787004552537672e-01
-4.012261751627276496e+00
-3.278970341744303241e+00
-3.350571010519225457e+00
6.457450739864381561e-02
2.858350039092127925e-01
3.093910993967413869e+00
3.306849317392442367e-01
3.333962453484696553e+00
3.861823762940824190e-01
-7.048770200141734499e+00
6.061550176614144192e+00
-1.343157319353773804e+00
-4.280908462386145530e+00
4.254725420378310474e+00
1.051839008686548738e+01
1.848513511151706590e+00
-1.819538865527973170e-01
2.582858458643149668e-01
-7.299901257948426814e-02
-8.624931275428014965e-01
-2.981293655064328196e-01
-4.723343726465737413e-01
-3.314318320334397328e-01
-3.906333921302272971e-01
-1.468155428207229551e+00
4.640865852267866742e+00
-1.903565789890134141e+01
2.148228334513096804e+00
3.980829995338591720e-02
3.105309119942866181e-01
2.592337219642271706e-01
2.566109515163327082e+00
-1.458920214270105875e+00
3.132208296581807661e-01
1.275599436604058612e+00
2.066655957023111334e-02
4.760580429930090507e-02
-1.153027018259336622e-01
5.587859041365305091e-01
-5.469237525100822950e-01
6.548046733730120472e+00
-4.095357679820752494e+00
6.258651457112772043e+00
8.354426701945939782e-02
9.036999249657591271e-01
9.007913452163931467e+00
4.035472438687415675e+00
6.312632311300863108e-01
-9.747052561818667082e-02
6.891991684600096146e-01
-7.847469658106813739e-01
1.657770186936241563e-01
-1.433112996385561333e+00
-8.729964464671146063e-01
2.120643100090135125e+00
9.048501039846755134e+00
-1.095833985372398206e-01
-9.773230706440262372e-01
-4.513942655252655145e-01
-4.141924574217848570e-03
7.066372854334938003e-01
-2.283057572153686099e+00
3.247887157743624131e-01
-5.591943443929128787e-02
-9.571696104587563703e-01
1.217707094745164254e+00
-2.264410179215620822e+00
6.105322831555199059e+00
-6.672495670786369182e-01
4.844705445397168297e-01
4.528612002628003286e-02
6.879528941615328796e-02
1.404907448538512016e+00
-2.273662010677652390e+00
-1.190485671893104680e+01
-2.237718393305951903e+00
-4.934041652623775143e-01
-6.341245202698488903e-01
2.843204086091413174e+00
1.834839235104886446e-01
-2.971439663106524853e-01
-1.323513625373061442e-02
-8.940493889119568438e-01
9.173777820498585367e-01
-2.696909737780047500e+00
1.130474247848805724e+01
-5.647561780855000491e-01
-2.699605268584642559e+00
-6.272326658473524219e+00
1.122561909240683831e-01
-7.324751474432386056e-01
1.166258856974921443e+01
-8.723503437994239107e+00
-1.695530362641479716e+00
-1.780908872649507313e-01
-6.681876852773764863e-01
1.458812376163354241e+00
-8.322892747364304400e-01
-3.735970415608884654e-01
-8.791254526065150898e-02
-3.176021067601561221e+00
-1.780316891550736136e+00
8.916669466126285748e-01
1.520463837161448506e+00
-2.691972181664438857e+00
5.921178054423306136e-01
-2.155045541144605004e+00
-9.170846925205772493e+00
-2.843766697568252955e-01
4.110527803916076001e-02
4.202124967986228476e+00
-3.649321274998896802e-01
-1.007671085254522092e+00
-1.307140509251762284e+00
4.934798837898429547e+00
1.929290337191932325e+00
7.023470565793713760e+00
1.643467765750081244e-01
-9.970748393547297361e-01
-1.637281417942561434e+00
6.048258896501837789e+00
2.784030978909761256e+00
1.280636653874558828e+00
-7.591168787902160542e-01
-7.552896639600015227e-01
1.709174451383776994e+00
1.263656455910765031e+00
-7.164716561446278220e+00
4.193186341569858921e-01
2.198264752923628329e+00
-3.377876780641208221e+00
1.782818958794097597e+01
-4.734572670998423050e+00
3.518482476025451833e-01
-7.487723790933662471e-01
3.523827266251632562e+00
4.680266751773644041e-01
-2.566322717385634000e-01
6.591252134042581146e-01
-7.585635573873943382e-01
1.586648195329261601e-01
2.409283658517137550e+00
-9.311769443869810203e+00
2.063141869158356290e+00
-1.590687472063123442e+00
-2.227657445223174548e+00
4.779852664358264391e+00
-4.469061543728761188e-01
1.591711958112019820e-01
-3.056025778170717633e+00
-2.167906201364409591e-01
4.174856953460463593e+00
1.340870540203580097e+00
-1.017344789837609476e+01
-4.740633669578296683e+00
1.376055138935613487e+00
-8.911459131462457606e+00
4.332024665359547888e-01
-7.226055925106765976e+00
-7.491680720558605011e-02
8.785687567497244999e+00
1.071521277241721970e+00
3.576913174332903900e+00
9.009609191638967562e-01
-1.439190013324531314e+01
-2.310749939637637240e+01
2.706427651989296912e+00
1.296775735456049183e+01
-7.057050738255654654e-01
-9.757110284129407729e-01
-6.126339136910313732e-01
-1.316735597396555990e+00
1.656558891202119632e+00
