-1.245618235604855961e+00
-5.082937834262400756e+00
1.074158828771518870e+01
-6.947715911188488691e-02
8.646667055224462883e-01
-5.582930628449164212e-01
8.512891541090952807e-02
-1.721478290990271942e+00
1.363310189676390616e+00
6.836149066423808929e-01
-1.884801367895939705e+01
-1.660992706580567635e+00
1.213939107755237856e+01
2.142539584439630218e+00
1.258665307781220988e-01
1.504704611568638883e+00
1.563301111662508625e+00
2.054531779569004346e+00
1.885271728249096612e-02
1.616874858496394340e+00
-1.616019446060404263e+00
-9.156378418302960398e+00
-1.551132325309085180e+00
1.085456533141485568e-02
-1.532194356717668349e+00
-3.648597433446487126e-01
-8.181897025772320475e+00
-1.777472736280898857e+00
1.558835709070571784e-01
-6.782904821456265054e+00
-1.942385518888907869e+00
-5.947482154429274415e-01
1.207197390433110229e+01
-3.110702727255706179e+00
2.380467078620334132e-01
-2.350278097254864917e+01
-4.214871290502165690e-01
-1.957426242791994730e-01
-1.255796913062237952e+00
-1.311807652182798156e+00
1.583692224650572022e+00
-1.376066866574437331e+00
1.378441035705034512e+00
-1.355606076688773864e+00
9.708199790627716652e+00
2.872259693507377143e-02
-3.102899945961770101e+00
1.925359553283125358e+00
8.377430955765071019e+00
1.579503314679882919e+00
3.589908786480818237e-01
-4.532201197959548900e+00
-9.783633826578241877e-01
-4.937610639272945190e-01
2.009506316174263674e+00
-3.549897883177997926e+00
6.004645058426101301e-01
3.983273434226609622e-01
-3.461448960656162040e-03
1.397972513663581040e+01
-1.639054932376736717e+00
4.403446603423429861e-01
2.414600248125008619e+00
-7.766127241502771561e+00
2.190942616275730614e+00
3.168800064228020741e+00
6.674023576299664695e-01
5.189085924151483065e-01
3.883711461552578625e-01
-7.479807419976427507e-01
1.505946754149161126e-01
4.254495781698534596e-01
-1.259924015794457830e+01
-2.868915196712821469e+00
3.653543744809480298e+00
2.326551369431045235e-01
-1.270039920209960549e+01
4.294174344673331589e-01
3.877418448065093060e+00
-2.117205990532703197e+00
-3.183228820848866825e-01
6.124431272348336286e-01
-1.029227519412890679e+01
-1.193802294841519451e+00
2.329875174455110809e+01
-1.158621786184220070e+00
1.856139978976164839e-01
1.830820905002321364e-02
6.374293570680996446e+00
6.800430325745748794e-02
1.194161291299571159e+00
-2.844842073510960745e+00
-1.178545976564423503e+00
1.084075493204564822e+01
6.614554039282039000e-01
1.150768628171099905e+01
9.132492497256886610e-01
-1.636367085750246864e-01
1.749524383144069972e+01
-6.204546443683995882e+00
-1.680108545841705947e+01
3.072396370976357982e-01
-3.339287330781226526e+00
-8.583679668291757991e+00
6.256751603324421929e+00
1.102094511811940070e+00
6.258410447537569865e-02
5.512413572330720157e+00
-2.824211610487004975e+00
-1.735236418656472601e+00
1.173014606585854214e+00
3.030742648984163790e+00
3.087165402533671443e-01
1.574203362328008837e-01
-1.020595744667599725e+01
3.024085871940878967e+00
-1.159816172611833229e+00
2.026995720139059820e-01
-2.178640823229934242e-01
2.972439620134748606e-01
-5.819901716032248373e+00
1.541355732857326855e-01
-2.506361141328514730e-01
-1.820888193179730763e+01
-2.592018073920777876e+00
-2.365306382391605844e+00
5.370921199723852624e-01
-1.002936943333174069e+00
1.057249684670102496e+00
-2.599229836836461516e+01
1.789062825329827078e+00
1.012596804153438868e+01
-3.731862000550957292e-01
1.979822117370627910e-01
-1.428797170862938515e+01
-4.205474800141637992e+00
-4.189191810652538095e+00
3.522398739492845987e+00
-9.106083892088157050e-02
-1.480781414367114301e+00
2.079614027260990594e-01
1.416405308046032319e-01
1.291572517033320322e-01
1.990057201004386878e+00
1.097542624301214076e+00
-4.009227486898409576e-01
-2.059999268457407828e-01
1.101318578526142788e+00
4.704695833234598390e-01
-1.507111647568516677e+00
-2.321136745134483592e-01
1.604606209669496186e+00
-1.170539065599468742e+00
3.716344635095174986e+00
-2.230858885654406487e-01
5.482261422078893442e-01
-7.765178666649713568e-01
-7.074081212644670602e-01
-4.317936217363067541e+00
-2.789372019400673253e+00
1.125989156202371388e+00
-6.349789393877391497e+00
2.270394350502346059e-01
3.823363951304589392e+00
-1.804007089143291154e+01
1.730400618208219221e+00
-8.604850958684338025e-01
4.146885823218422473e+00
-1.023602729186169569e+00
1.913654138077605982e+00
-5.724471649568933174e+00
3.524863337901369409e+00
-1.529344544899826186e+00
1.985455806097404241e-01
-5.978877556184279962e-01
-8.064854385042268259e-01
-1.569807657649996191e+00
-3.885188299568085313e-01
-2.182166961805963368e+00
-2.037199960166704016e-01
-5.591715436260355609e+00
-9.355843793816369214e+00
8.454977663947226274e-01
9.150312257387187287e-02
-6.392610167327557491e+00
-1.544609849421770154e+00
2.332944660353452604e-01
-4.580927141811147463e-01
-8.659671168495237659e-01
5.159303009302649290e-01
3.642814865242504752e+00
2.705917709374745961e+00
-5.676808926554929968e+00
-1.153479201813846222e+00
-3.793623348519364336e-01
-3.684817884310263025e-01
5.919103054426362753e+00
-3.612445738287712427e+00
1.100030594866429112e+01
6.154735608423914428e+00
-5.969611365657215174e+00
2.250664646517747336e+00
-2.150245840335681669e-01
4.584839201390195074e-01
2.034636590723936378e-01
-1.092791381688363650e+00
-1.051215576659748907e-01
-3.016592967228365341e-02
4.626853096872018956e-02
3.437617833178368443e+00
-1.074605141447894097e-01
-1.619032563827588200e+00
5.846682959311692018e-01
5.695705981669267004e+00
-8.531726284735826615e-01
-5.325207040192747598e-01
-3.474564291024144325e+00
-1.120287022629015000e-02
1.355141906560389797e+00
-2.879655469382116362e-01
-5.673481754408060684e-01
7.199497522002547001e-01
3.985567979359053714e-01
-8.581354112673589274e-01
-1.934928526616153333e+00
2.474057381708446801e+00
2.616282024992387378e-01
-2.952080221345425137e+00
4.015687853906083404e+00
-1.388011576549985726e+01
3.849174171677619327e+00
-3.131839001838166991e-01
1.163906311309969022e-01
-8.550371057095452088e+00
-5.899248375538036271e+00
-4.594391533321988241e+00
-2.122444440385766740e+00
-8.722993207878644295e-01
-1.140821824189470979e+00
4.131264583051864392e+00
6.054354967812537458e-01
-2.050428635316726034e+00
6.050272876052644744e-01
-9.218622611897402397e-01
5.993208266665678297e-01
-3.378223461572833486e-01
9.356620594129628543e+00
-9.499718780471884116e-01
-3.126016038934186225e-01
7.945153167762164514e-01
2.061029952975012083e-02
-1.498681349475710078e+00
4.929786458607953392e+00
-8.832626627754263104e-01
2.718218601979539351e+00
-7.032649235935191534e+00
-9.539283114590599855e-01
5.857984589801368269e-02
-2.092659547149341714e-01
5.107571979919252048e-01
-2.304173241370695902e+00
-2.015869127119004345e-01
-3.406044505964173630e-01
1.742984044526913578e+00
3.846811561830007498e-01
