-2.656199520620277643e-01
-7.348476193230392139e-01
7.578984970316114955e-01
-3.865890096613152638e-01
1.067066894501508711e+00
2.304545154722509315e-01
-8.127218670049074500e-01
5.701623998174122354e-01
-1.024406422224907853e+00
-1.069020339873487657e-01
5.247419907533144467e+00
-4.014737792867116295e-01
-2.460203686668440137e-01
-8.816625916719635470e+00
1.031478676136725892e-01
-7.081278486475235390e+00
-5.289889982391128065e+00
-1.061443088357986753e+01
-3.827634451071904031e-02
-1.197923778667335171e+01
2.526948851077541192e-01
-1.363225481422856156e+00
-5.085735587627093768e-02
-4.312425235887205055e+00
-9.625516035986775298e-02
1.280392299836516923e-01
1.049525650987068071e+00
-3.172461120970715420e-01
2.477604907097747111e-01
-1.554210408931486498e+01
-1.927250798928784370e+00
-3.357592441471735079e-01
-5.977668292602312805e-01
5.015589795289399078e-02
-7.233382092770375138e-01
-2.456201298147871803e+00
7.092678564339782721e-02
5.858996736570483144e-01
-1.735241372080158495e-01
-6.045943890423713940e-01
-3.999553675842121847e-01
5.245907224290352611e-01
-1.658567990553090254e+01
-1.082747654146384714e-01
5.776972251639833633e-01
-2.065892682222454924e-01
1.246451834994454888e+00
-7.386053594853557724e-01
-5.450144443854163079e+00
6.594081729953675364e+00
-2.737928612124312266e+00
-1.877015365671786995e+01
1.284520227689067973e+01
6.478845743677414948e-01
1.047346944828970505e+00
1.846160456775979064e+00
1.208048293855093824e+00
7.171704329924069032e-01
-2.938268649660347176e-01
-1.221994639736949884e+00
6.733041371966119737e-01
-1.688178163896388029e-01
-1.057567659667410509e-01
-3.045574588299089225e-01
-5.203925474463975132e-01
-3.888503907217625288e-01
7.163931621231909297e-01
-3.018547010828301902e-01
1.097750314820721496e+00
-2.279878864730308763e+00
-1.568961269869861841e-02
-1.101200236422639911e+01
-2.098271174839319020e+00
-6.121617800180749747e-01
-9.189789254739853419e+00
2.255770878235819066e-01
9.707016020165211145e-01
3.426505101739543147e-01
2.377244065179723309e-01
5.156871072777585496e+00
-2.153837145304595246e+00
2.388785589303661361e+00
-1.287493621244358177e+00
4.009931691704038403e-01
1.712867349038947218e+00
2.570702350150060056e+01
1.975875454592880276e+00
-3.505661525077554685e-01
-1.162153374740617728e+01
-6.490238444605015644e+00
-1.718483355470787899e-01
9.768473693646148037e-01
-2.463971000287161317e+00
9.363474150720737521e-01
-1.324814228607604338e+00
-1.359612649484315483e+00
-2.783436474098240687e+00
7.879841018266278141e-01
-7.339429923221607588e-01
-5.414406962806818102e-01
-1.825739348427526831e+00
-1.896351437879662538e-01
-9.269942485768492002e-01
-1.619742337990837111e-02
-5.628306716249398267e-02
1.976133331801168957e-01
2.860264479810080029e+00
-5.039893752061489485e-01
5.952136425318078627e-01
-1.072286587947613512e+01
5.033835703777180814e-01
1.972253975328828179e-01
-8.621761896292207128e-02
9.564713793046326629e-01
9.375060421496514973e-01
-2.897060149263520901e-02
-5.729112873180610244e+00
1.879253564155191736e+00
1.026852998194226707e+00
8.107765612488477824e-01
2.525342779007576866e+00
3.125829987614803240e-01
-1.850408204213511709e+01
-5.043552302884752869e-01
-2.278152837605775360e+00
7.017211045951861070e-01
-6.140331084404765605e+00
5.743459269399257217e+00
-1.313411243475102097e+01
-2.635454109737872752e+00
-7.066285920252840524e-02
-8.617870856869727092e-01
-4.200280651426764322e-01
-6.522868027521760759e+00
1.727400531301730879e+00
-1.230706319990888975e+00
-2.367406375076718250e-01
-3.190844208468467613e+00
-3.852679718976761425e+00
4.877971745474034115e+00
5.741678978812818634e-01
-9.160591637871608128e+00
7.497254641912187711e-01
-6.095419179055376890e-01
1.569314994005950936e+01
3.996457330219180815e+00
1.039977668491131491e+00
-7.954808587516759566e+00
3.010603439137146786e+00
-1.833207840685002976e+00
-3.163039042400062062e-01
-7.562075458373918035e-01
4.970025477546533565e-01
1.506976009558819385e+01
3.446669688021472222e+00
-9.159600594608352964e+00
-7.612802513190929377e-01
4.721850880514899540e-01
1.332689661506981338e+01
-1.025034930697130520e+01
-6.039591810468363242e+00
-2.611412226519772783e+00
-6.546560050588710045e-01
8.457715766507254429e-01
-1.529364123921039820e+00
-7.860368318609610716e-01
4.956040613650243842e-01
1.583470645554863587e+01
1.285475794871034472e+00
1.462697742784484056e+00
-1.565119322607883845e+01
-1.544288373237419354e-01
-6.321400327692827670e-02
-1.987059660055590982e+00
9.809386228064711499e-01
7.128511731954390029e+00
1.552777587720902241e+00
2.530534955784446538e+00
-8.438748536787018528e-01
1.088569111821510482e+01
2.054085206660896645e+01
-3.019705868791887404e+00
1.999182583084451847e+00
1.095080635391032731e+00
-4.091916186363058205e-01
-7.030085194709322360e-01
1.185725344420666794e+00
6.109487164830688100e-01
-2.624615519646906758e-01
-2.065132470371773721e+00
2.444295410680527247e+00
8.129322022299539929e-01
6.547874008435718096e+00
-7.611581386600212440e-01
-5.211289955837560051e+00
7.903441657454000069e-01
6.570841725951159784e-01
9.281575755057586141e-02
-8.265851574391069878e-01
4.430928569323453026e+00
-1.717212475589164900e-01
1.713053963886703057e+00
-1.895008624313689882e+00
-9.036929259852698459e-01
8.981032110819120451e-01
-3.604762719775503665e+00
2.846610562076545836e-01
-6.237579139011899976e+00
-6.338535934352086398e-01
-1.472639532195154199e+00
-4.143262304785452876e+00
-5.304980208919261031e-01
1.476592667637397049e+01
2.803015933202459564e-01
7.941611284143658800e+00
1.566930357785800143e-01
-1.294604594647110307e+00
-4.479422310631863802e+00
6.532534940812155355e+00
-8.588805926619587083e+00
1.994371828365125499e+00
8.711234125725666466e-01
1.403783081009370992e-01
7.916926673170401330e-01
4.663098693344022716e-01
3.910377896677998955e-01
3.046584880094253656e+00
4.484017283872174353e+00
5.687743883050866422e-01
7.007451289900434865e-01
-1.128663113308930654e+00
-2.427228624535060497e-02
1.798318297346476857e+00
1.209129972437601808e+01
9.153302584345965887e-01
-6.831261135495425574e-01
8.915359341767032930e-01
-1.744585406370384728e-01
-4.060956614321575842e-01
7.404782425347740116e-01
4.237547985941374218e-02
-1.575528959191133227e+00
-3.541918716230951780e-01
-2.680715300042977312e+00
-2.505421552294126109e+00
-2.405737285982529894e-01
-3.054855289165085086e+00
-9.974782239954453900e-01
3.737775916900477613e-01
-5.755606601707320635e+00
-8.228538298974115150e-01
-6.069395092991869411e-01
6.416805398027565221e-01
1.082862211518850870e+01
-4.261107886166964343e-01
-6.815092764232926204e-01
1.575258333742235450e+01
-1.496555724806955812e-01
-4.043284185560432342e-01
8.871585935151045099e-01
-1.601676982657336978e+01
2.797744013134849661e-01
1.270901265155669968e+01
-8.948766853433237856e+00
-1.864152154942034789e+00
