-1.709661358560320199e+00
4.604363038586967605e+00
4.817706703075445018e-01
1.971178092789249992e-01
-9.700757159243647565e-02
1.344585247510906356e+00
-5.983767083551221333e-01
-1.673245556106015552e+00
-5.095172577451734242e+00
2.718577436787093848e+00
6.225636106845240381e-01
-4.960932743717342275e-01
-1.642798180534462915e+00
-2.375580819473889438e+00
-2.254986353128117516e-02
5.922651153646428135e+00
4.236669335149941817e-01
1.484706954814631885e+00
-1.928176046086355289e+00
6.287474634565256570e-01
-1.240574910173169836e-02
-9.379944057981219885e-01
-8.768627920515205121e-01
-9.454062465163914908e-01
3.103794134631212565e+00
-1.485764012261703293e+00
-2.596078965360792967e-02
-3.002032542269871485e+00
-9.369687458150235404e-01
8.159893028732182474e-01
-3.211893764417335095e+00
1.977279897574822920e-01
8.341369911294379547e-01
-4.466391773899052176e-01
-1.684458573856104202e+00
1.503958283600429491e+00
7.117105020342794575e+00
1.892026232709598937e-02
-2.147797818721190133e+00
-4.042858198769762046e-01
-2.388116726786911059e-01
-1.148224868270460997e+00
1.283657999618334600e+00
3.121655805775730430e-01
3.309314660892420656e-01
2.696841195592796642e-02
-2.188212049778817114e+00
7.092343728799769265e-01
3.978366117553921555e+00
3.266120420852683282e+00
8.357519324299300223e+00
8.599018568886096503e-02
2.285848633754553383e+00
-1.306999234037477808e-01
-3.044812019056243990e+00
9.385729176528261331e-01
-8.475674105434574113e-01
-6.365995349251822866e-01
3.409990707693594914e+00
1.354647711520502895e+00
-2.906574319043616406e+00
6.348611778232964298e-01
1.149958230992143005e+00
-4.236429468609021476e-01
-8.411840084922054261e-01
3.456942358045584918e+00
-1.334155760950326064e+00
-9.190908934216379222e+00
6.261015064144551112e-02
-8.892023115302514213e-01
7.598173938315199827e+00
-4.361227252999308468e-01
2.278778982893711613e-01
-2.781463750053944750e+00
2.081440959510941491e-01
-6.803253333064379405e+00
-6.858756536078549626e-01
-1.027040007538504440e+01
9.108647058416833309e-01
1.227612911361362302e+00
2.145741108930242780e-01
3.948854818338581207e+00
-1.560071228692793133e+00
1.122317670818156143e+00
3.524382758954184069e+00
-9.857704908237077679e-02
3.874005355429719494e-02
-3.452193712004372195e-01
6.642883836740105519e-01
7.671752747341686884e+00
9.309660324832236267e-01
5.093440173560374262e+00
1.555802440035004564e+00
7.345942754585512713e-01
4.548883819766553316e+00
1.935868648018786331e+00
-2.803155648146885337e+00
-3.552651953592899314e+00
-4.625242213182471751e+00
1.265394161178222676e+00
-8.301143164479571013e+00
4.921291158573708913e+00
-9.115195306274106457e+00
-4.956919515865883419e+00
-7.595167359793022488e-01
2.615337542580804531e+00
3.135947014609627548e+00
5.679584203449124402e+00
4.386755950724774422e+00
1.669131156962176732e+00
7.804764724106499907e-01
-6.436976486267701247e+00
3.201064696447094349e+00
6.158086137852770037e+00
1.165238037600789395e-01
-6.257146831526555708e+00
5.464309508920537350e-01
-2.452094264740680707e+00
-1.334552679898640681e-01
-1.486504753485442620e+01
5.831287725415592149e+00
-3.991882611374150125e-01
5.483899667229550356e-01
-4.417201034208833477e+00
5.737656971895986890e-01
-8.136504679894059677e+00
2.244057689728307103e-01
1.691457647652129026e+00
3.401781982080527733e+00
8.812828550715917642e-02
-1.824223313744370634e+00
4.809120816683467026e-01
9.898551767329860640e-01
-6.282481754618920444e-01
-3.557960241558244530e-01
3.897636775129969533e-01
6.801107347042398832e-01
-4.788483412049837185e+00
-4.320820406773123956e+00
-7.430594724004807361e+00
2.361911029506678528e+00
3.556141861918949765e+00
-4.452764387525642853e-01
-2.975565964091561044e-01
-3.548360061004947608e-01
-1.800614662994175774e-01
-7.152680304029546132e-03
-4.589785727031511442e+00
-2.579788906039925056e+00
2.856648624845691486e+00
9.290472363496834474e-01
1.002065829608464576e+00
1.044806912833365686e+00
-4.905592168168465550e-01
-1.272915100762002716e+01
3.287147856339486807e-02
1.246537741751311490e+00
1.176990103305415047e+01
-4.865411647584165777e+00
1.729570938418797965e+01
-1.234934762302929423e+00
-1.363685986347143164e-01
-1.515776059444614576e-01
2.178628788395913229e+00
-9.502624592667233694e-01
2.720550447881442957e-01
-1.021081543008856674e+00
5.186175541254531396e+00
3.874894559275475214e-01
-1.666172290579849946e+00
-1.473218623428433627e-01
7.054818297571769037e+00
1.013320209049934206e+01
1.565069002070303528e+00
3.324109102135143212e-01
-1.373555493069810396e+00
-3.357616134422552800e+00
-2.006019464462858171e+00
-1.633069073061983734e-01
-5.179365954758656798e-01
-1.797033132246252107e-01
4.016278111203310353e+00
-2.359237147630429909e+00
8.592741034002719935e-01
6.664163051305198593e-01
4.837633237455132296e-01
7.313374129361538412e-01
1.649125790101939604e-01
-1.408299782533215083e+00
1.080684584559365585e-01
7.146883474952188120e-01
1.024976976892738367e+00
2.308415644352030505e+00
-8.060546145912885763e+00
-4.417585860312279067e+00
7.473843058750770929e+00
4.096538322167170065e+00
4.655780607066428711e-01
-4.598452850921207258e+00
-2.670435901345599827e+00
-1.913878496387999562e+00
1.670300958348836240e-01
7.624990663727263529e-01
-6.312268805421726192e+00
-2.822903015686148431e-01
-9.540353855834695640e-01
3.906699255660333048e+00
-1.279884569231877663e-02
1.918522350000195498e-01
-5.002168552202666874e+00
6.856302323632070816e-01
1.758926656376169628e-01
-4.049869114712167373e-01
7.773644612290807610e-01
-7.068218661386718171e-01
-1.960233049750326889e-02
-7.919381117922758007e-02
-7.281152733018566581e-01
6.992099513586658155e-01
1.988609607631819598e+00
-1.062538004676901338e+01
-3.136160951488690118e-01
2.382824029589032389e-01
1.133992733343652937e+01
-2.043646680118821557e+00
-1.256380465201186958e+01
-7.357401852045335033e+00
-6.146666053453289535e+00
-1.793215211271834697e+00
-7.446644841872872789e+00
-8.726135685916033280e-01
6.641471260289666390e+00
8.463033350116045739e+00
4.859625695192388406e+00
-6.275566632025062042e+00
-1.096834398944720734e-01
-1.409445928534102332e+00
-1.395106567340478609e-01
1.427997036914539608e+00
-6.465359063569448672e+00
8.176791326339031940e+00
3.933819335034235642e+00
-1.186050325408295691e+00
1.802941287582519037e+00
-2.514886463276946316e-01
-3.222336249866114555e-01
-2.943204404725112688e+00
6.210423954715011519e+00
-4.742084328817286476e+00
4.504432454508321193e+00
6.434511381017947729e-01
-1.701537653682334117e+00
5.186432404278404906e-01
-8.751584274354367032e-01
5.765649688130822348e+00
-9.854508613024183239e-01
1.349820241498503048e-01
7.779259652145966708e-01
-6.987974791628216720e-02
1.522484099860963447e-01
-2.164713554591517486e+00
1.509124926532438238e+00
8.411560342794354161e-01
-4.806469864328141384e+00
4.686472348995384674e-01
