1.083000672438915846e+00
-5.031351606901134588e+00
-4.663446306776227956e+00
-8.843578238203819719e-01
-1.036927920350917631e+00
-1.137557545200484022e+00
3.545675172871690872e+00
7.881304459401078377e-01
-5.627659099909997131e+00
-7.202049394748028632e+00
-2.755768038162725198e+00
-3.236657041924781986e-01
-4.145303099916252343e+00
-1.916893996145626389e+00
2.891931293066738018e+00
1.995683449985428570e+00
-5.324718017756499000e-01
4.335398206429002421e+00
-1.836894507164349877e+00
-3.421696995143590492e+00
2.100661135260507351e+00
-3.887598207944947148e+00
-8.206417263421531771e+00
2.310738884971150764e+00
-1.840518836510360856e+00
4.288162066059459931e-01
-1.850708429037118297e+00
-1.438859796569799565e+00
-7.248274560276247058e+00
1.196572417702562952e+00
3.398806655671662291e+00
-3.109507159039351265e+00
1.270810399953610892e+00
4.382239272063244706e-01
-5.379095534698423720e-01
-8.043973277529202770e-01
-1.926192908146138638e+00
1.871080258420524833e+00
6.605496784008345612e-01
-3.480326454034421424e-01
-4.062647303661399145e-01
2.026643807065582781e+00
-9.694197637197980999e-01
5.015010033030038450e-01
-5.205251747948875796e-01
-3.799046752192367205e+00
-5.863085600515534068e+00
-1.313403898754182064e+00
1.142664969382198858e+00
4.525578717401133488e+00
-7.309865906110334599e+00
2.968478529295852208e+00
4.348648227464147809e+00
-8.317267024577541523e-01
5.993928168648541277e-01
5.070604282581591349e+00
-1.723991726431098603e-01
-1.750903612077567839e+00
6.913450309268972527e-01
-1.386915997150058644e+00
-2.634361840478296912e+00
-3.195354615615450533e-01
-8.874826865519003238e-01
9.563486049142853052e-01
4.421506664671774889e-01
2.345289264584243583e+00
-3.922517117575730072e+00
1.365741474370782971e+00
4.314469388188548749e+00
-4.098142908918859462e+00
1.267203278294558588e-01
3.292980986843736524e-01
7.429132079499252139e-01
2.385880523556944410e-01
-1.680845207071814729e+00
6.629618470989418810e+00
7.102488505792283746e+00
-2.133860958367931104e+00
5.912384024016338557e+00
-1.695129830398835136e+00
9.118598278294913761e-01
5.605240456770935742e-01
-5.489100451606898634e-01
-4.922966866434589917e-01
4.554286304031350596e+00
-3.900495123689966981e+00
-3.334526485451330124e+00
-3.298706259788934503e+00
-2.537187595250534944e+00
-1.360400333034727627e+00
1.120614317705999952e+01
2.075027499856317448e+01
-1.089968524292332826e-02
-1.323449799065750554e+01
-1.189370948979240894e-01
-1.009623683535363092e+01
-3.072153229892878312e-01
1.208043758999095829e-01
-1.152972513038455910e-01
1.123260166545081518e+01
-2.357942551062995662e+00
-6.950549723386389989e-01
8.064877689456363186e+00
-1.967262099215730142e+00
-1.000890909763939129e+00
8.489742896135455963e-01
-7.250206700857736664e+00
-5.605561047468183844e-01
-2.279310266305312194e-01
5.400704315817119294e+00
-2.610445958932520405e+00
7.384957113127449624e+00
-2.736208241785054174e+00
-3.885498839505545643e-01
-2.650230444893008297e+00
5.182465372856407626e+00
2.487084913262294084e+00
4.780230291966977574e-01
-9.665677539870305424e-01
2.111250630352702995e+00
-2.181054300180316485e-01
4.661117353370255678e+00
4.050824760439070138e-02
-1.160757447325480030e+01
1.092126715221462341e+01
-1.915141352595186364e+00
1.794934066941014095e-01
8.393180297404216894e-01
-7.637863292742743671e-01
-1.695534645754715464e-01
1.528119157241646064e+01
-4.948155284634973838e-02
-2.601654566003184232e+00
-5.900797676146434245e-01
-3.573413754254106678e-01
3.621959213560491109e-01
-1.365000769030003447e+01
3.914665799436188309e-01
-2.719432698492001421e-01
2.712009450824490298e+00
4.549669607028642426e-01
-8.434263924226989673e+00
-2.239497757603198025e+00
-1.108083361266016453e+01
1.406393380159510720e+01
-7.120748369593575156e+00
4.358071808960372051e-01
-3.625739461949299414e-01
-1.266534473403404748e+00
-9.145884345281316996e+00
-1.537165629211597384e+00
7.207723129401177875e-01
6.241548024789628002e+00
-1.013924266136734698e+00
-1.938053581324342467e+00
-2.458734985082123847e-01
4.936870070953199630e+00
8.109390529527896740e-01
2.539811847652099441e+00
-2.845354763124298358e+00
3.519354307484069411e-01
-4.361353372756298086e-01
9.870240260122496778e+00
1.206527295537763722e+00
-6.075476540770605283e+00
-6.407602957163942292e-02
2.839414864519046455e-01
-7.155651260544551917e+00
1.592873114505615284e+01
-9.152018781415443005e-01
-3.143347183476135953e+00
-6.946294827359706048e+00
1.656170934137333628e+00
9.160755563320047146e-02
-5.282314303693578239e+00
-5.641888863133956988e-01
-2.530785561038434661e+00
-1.065877397146477223e+00
-1.687951533557150441e-01
4.971374389533279592e-01
-5.863793485140030709e-02
6.122516985311672322e-01
-5.236912497073303641e+00
1.260849797688712970e+00
-3.943962623267322165e+00
5.578957025815848292e-01
6.554701587314776257e-01
2.481203039286696388e+00
-1.625525211510188139e+00
-5.575569433848732714e+00
3.060280780597271821e+00
1.321463667442118184e-01
7.990576496982202404e-01
3.917112464221679247e-01
5.092754287557019310e+00
5.843438826707083589e-01
-4.759247512932078816e-01
-2.590715336410865710e+00
1.188801780062019420e+00
-5.619195664349602382e+00
-1.570149865733255901e+01
1.014319417579915283e+00
-1.061185637550277949e+00
-5.427785864549370842e+00
-7.379536260075550969e-01
-1.458234473388343666e+00
-7.799493041232921975e+00
-7.325108105822898175e+00
-1.572428996848963090e+00
1.462343268177835331e-01
7.956004526641659025e-01
-1.382604859546663789e+00
5.923454834960337756e-01
7.031353080654862975e-01
4.250552826821192287e-01
1.125862743995991844e+00
-1.980626577645121511e+00
5.531810353120893531e+00
8.229827119554526504e+00
-1.728071080706103380e-01
-2.786369244097369191e-01
-1.911529998018898779e-01
1.178377030015580473e+00
-2.097480844993409477e+00
-4.936034715492000124e+00
-9.840493375733831982e+00
-9.271588677260965028e+00
-6.277833183169578390e+00
-1.875947991951624427e+00
-7.228095277127242202e-01
-1.448320800078191262e+01
-2.288361204307600616e+01
-7.693684194786138963e-01
1.327194038112182461e+01
-1.308310581397885386e+01
-2.131286943840348336e+00
-3.899557465630864583e-01
1.395052446638327659e+01
9.311655813820503003e-01
7.151894148016846309e-01
-5.217713937431074367e-01
2.755052962689906737e-01
1.384913994197522147e+00
1.221852230664230987e+01
-6.821404691416345756e+00
8.521486226093613059e-01
-8.745960143335342885e-01
-5.125731985817994385e+00
6.283513097360645006e+00
1.239752583904830452e+00
-4.831093094323888892e-01
-6.399611679289681776e-01
5.431492675508867163e-03
-2.203570998789684543e-01
-7.846164592120882242e-01
-4.877137208050617845e-02
-9.452602507462765091e-01
-1.084224935024538095e+00
1.178464585830639177e-01
4.349238841761489394e-02
1.410194545652069031e+00
3.933606228179972186e-01
-1.126819768120432413e-01
-6.417433530130586261e-01
4.309530065881632122e-01
