2.225348081258645139e-01
7.147239553336519613e-01
6.432730833707492324e-02
-2.154041025556050482e-01
-7.765079168704849821e-02
2.503913023485161427e-01
-1.831160325917229603e-01
-3.097662394790992590e-01
-7.061602726870400693e-01
-5.574019987557464972e+00
9.966785500181447599e-01
4.873381837358053970e-01
2.634460774688607287e-01
6.056904186151024216e-01
1.519390297868298580e-02
-4.170665759586407728e-01
-2.767891903130293985e-01
6.559451460185213023e-02
-1.414250963771866432e-01
1.373572197365693359e+00
6.090816302628012657e-01
1.119430670561264662e+00
1.730393634119963941e+00
3.879843583342234420e-02
-4.295728590373201428e+00
-5.512092670239048253e+00
-1.682276572047894658e-01
-5.777720364968010891e-01
-5.474699098705013256e+00
-6.601143742571369266e-01
2.275449220929481875e-01
-7.958624094971699092e-01
4.468351151795852405e-01
-3.926801077577143140e+00
-2.570532887457086346e+01
-4.956697329142523839e-02
-8.826097718891862121e-01
2.724748346135880128e-01
4.436267483921381705e-01
-1.327199394787533793e-01
5.232660351836623258e-01
-6.230843979202724814e-01
-3.016002042746797618e-01
6.593678064556542040e+00
-4.570886868277965753e-01
1.676048378642711167e+00
-2.921766762022635633e-01
-1.719492724006649986e+00
-2.588839394115129977e+00
2.107376856288639966e-01
-6.132649453837301090e-01
-4.629793903012214829e-01
1.356162524236196543e+00
-4.108264650005750696e-01
1.693631953077439301e+00
1.709561492277936190e-01
1.549272730267912124e-01
-2.846532193423548240e-01
-1.064125101314988164e+00
-5.022892854343744551e-01
-3.694481152248624278e-01
-1.742424565381393009e-01
1.223946578531837304e+01
8.713018190028711807e-01
6.405531982766285992e+00
1.817660302153267127e+00
-3.252008976205727375e+00
-3.031611055027488177e+00
-1.985341881808762254e+00
9.364270146455410782e+00
-9.497074688694175038e+00
2.287353667119154110e+00
4.506054903283711610e+00
-3.115691967037242938e-01
-1.824964357651330804e+00
1.196852066454102292e+01
1.494941224233537147e+00
-6.390125803927809711e-01
8.139578572276788826e-01
6.184715794467894323e-01
-3.268293827007833663e+00
2.368213244207458823e-01
3.815450082744650806e-01
5.181546020447045819e+00
3.487832580249584424e+00
2.271591167938243339e-01
1.518875241168844425e+00
4.615267649935563377e+00
-1.636746708266827444e-01
3.640678722390917887e-02
2.935967477485033061e-01
-7.605484147428112074e-01
-8.684645770162662259e+00
6.037475159388164814e-01
5.026871768452015665e+00
-3.785857741146472222e-01
-2.012779883511898849e+00
2.405417064048318210e+01
-1.061737975769163622e+00
-1.187304513638149484e+00
5.328509339914831999e-01
-6.332988290191135405e+00
-1.661634502369210864e+01
-6.997551462123155375e+00
-2.273395429832640424e+00
1.277251495505551837e+00
1.104521552854083322e-01
9.700507952546690016e-02
-3.503589722745388269e-01
-2.635432346830910433e+00
1.759107472934072769e+00
4.370862590480292909e+00
-5.737045565883118314e+00
-2.122545231934629961e-01
-5.627833101877147137e-02
-3.435904439756433670e-01
2.415694849717274550e+00
1.085707579944264145e+00
-1.235777706991878588e+01
4.333144289174671648e+00
-2.206770675243534263e-01
-1.559882377952209076e+00
2.316437282010861409e+00
6.134378077050302025e+00
-3.868978732030650125e-01
3.676080598171523661e+00
-9.163497922837076093e-01
4.943656740203710709e-01
1.340229540760293325e+01
-2.274229458611742583e-01
7.941162821832330465e-01
2.034711436611237101e+00
-1.090597697551457301e+00
-5.539052669864401590e-01
1.038826884523261285e+01
-1.260798922201326100e+01
-7.082525197777453485e+00
1.016782050718798014e-01
5.657901475217784748e-01
1.233776743849128443e-01
-5.947801439805608936e+00
-4.818412945680963788e-01
4.078630386069367342e-01
2.880007129895854195e-02
3.977048814729694515e-01
-1.483308574677140723e-01
2.922340046307433381e-01
-9.129553286513454324e+00
4.423113112254418056e+00
1.053477935272703281e+00
6.584906688843109035e-02
5.929246579049803761e-03
-3.683148970714088755e+00
-1.112009415359850734e-01
8.488952818136310530e-01
5.826918466903662441e+00
-4.648006500769488736e-02
2.169752998446863756e+00
2.163628374864872694e-01
-1.696078897193762924e-01
-4.400622166555477333e-01
6.615287797780114332e+00
9.015060188564962829e+00
3.558389210455525364e-01
-2.300049780144413969e+00
-3.263846510170324566e-01
3.962698090930487638e+00
6.525698823970427220e-01
4.003835713652162398e-01
-1.056954328523644016e+00
-1.726095400427195115e+00
-6.129340517907100327e-01
-3.749296980699294846e-01
-3.716899574408345508e+00
3.937457282987113061e+00
-1.103568289162983218e+00
5.721102098874819575e-01
9.025939079759862094e-02
-6.449390229106271022e-01
2.000172487151274936e+00
3.174099266897160154e-01
1.751315797708812294e+00
-1.545732946746084663e-02
1.056056744727521757e+00
9.067948400079831051e-02
-1.945948292739307917e+00
-1.300171221956737400e+00
-5.558752101603356977e+00
-1.199743721686270748e+00
8.063060276697301632e+00
-2.905931295539849746e+00
-2.218055622824482320e+00
-1.987460885728890569e-01
-3.172975345713427986e-01
-8.433294877402138567e+00
1.601891236870773483e+01
-1.437269194361415980e+00
2.594679022698112569e-01
4.485317361258204238e-01
1.565036987350846687e+01
-1.485603758292627141e+00
-4.537873988148144910e+00
-1.038201178036131725e-03
2.040651796756483449e+00
-2.828032505084097925e-02
-1.476951762782647615e+00
-4.328819849112989004e+00
2.736629517098363995e-01
-8.033253819400598683e-01
8.648430308710128300e-02
-3.172254607747010624e+00
-1.230628564136152647e+01
-3.050060737712334102e+00
-8.265324549934916831e+00
-1.293030626999759278e-02
1.170167552297917357e+00
3.880054338830241090e-01
-3.498558205858044445e+00
5.035099051894824207e+00
-2.911351229397792117e+00
1.798225680475527444e+00
-2.729731995227442642e-02
5.197854987657347436e+00
1.248436324594663738e+01
-2.772010175392842779e-01
5.988662000434925581e-01
-7.134769148101769431e-01
-3.601104386385878264e-01
-3.725591896213047427e+00
-5.422203277268238253e-01
2.652123450633077084e-01
-5.383664436185722213e-01
-1.757325237423613962e-02
4.444239474061506101e+00
2.046473407983307791e+00
1.116747943258549647e+00
2.561829984106925640e+00
-3.365900628044423026e+00
-9.289301945588306353e+00
4.706007585869775856e-01
-3.445608169459677961e-01
-2.513666570048627591e+00
-3.133483376871104120e+00
1.264135499370084581e+01
3.076516037512660340e+00
2.619540908617806751e-01
-1.050042913167073655e+00
-8.325485071531598669e-01
-1.905497049429985545e-01
2.297608157363147718e+00
-2.686561280776160743e-01
1.107362098235591535e-01
1.354865998849489550e+00
-2.847846852930416839e-01
-8.353105012826322451e+00
-1.508043997569428862e+00
-1.704344812565323775e+00
-1.121541299335142350e+00
6.600593724595308132e+00
-6.886527785695274462e-01
-7.564255305905712712e-01
-5.693243743714642147e-01
2.869145985256768228e+00
8.664026310656796070e-01
1.485081946901283256e-01
