2.003073682808486744e+00
-4.437804448338861923e-02
8.868324158906766286e+00
1.066022895846416629e+00
-9.087150994812052573e+00
6.332444167557247372e-01
-5.006597604095606613e+00
-6.897367809689198825e-01
-3.906675444364960725e+00
-5.243618297710589404e-01
-2.651620665922875375e+00
-1.600122993526490678e+00
-4.231076358341488985e-01
3.724587139221400417e-02
1.413334977839749707e-01
6.393490569636863796e+00
-2.250073970820993363e+00
-1.462955758321168309e+00
1.832622858409262978e-01
-1.438977870243919321e+00
5.604911321557269233e+00
-5.314010660464068003e-01
-5.146667025967787801e+00
1.581777653494596869e+00
1.660249492211348432e+00
-1.976421989354215925e-01
7.907151801997528429e-01
8.597249714631444162e-02
-2.284831667214698658e+00
-6.680480507324517703e-01
4.881266665430440410e-01
3.919660275438379138e+00
3.828921874934153036e-01
5.698094307073682252e+00
1.119272779802788609e+00
1.328971558351988946e+01
1.334503842616817693e+01
2.224586477376008453e+00
6.833956952895976933e+00
4.675229288626459478e+00
-4.427012245494639786e-01
5.533131369187827886e+00
-2.253161995272551787e-01
-5.956521419212653656e-01
1.584631591911539905e+00
8.887953026760369024e-01
1.461772905076888229e-01
-9.753256274725266017e-01
-4.009153734439190320e-01
-1.529602648709816215e+00
2.824269183910455353e-02
-7.287850218756447215e-03
-5.511136286952633689e-01
6.521969830002806168e-01
-5.430914508681492947e+00
4.586932575985175342e-01
6.249868864329718221e+00
-6.023990006077013959e+00
7.829148680538947636e-01
-5.015005838616294342e-01
-9.389433615843079117e-01
-1.676661536776960504e-01
1.023926132690359481e+01
-7.687216877447729246e-02
1.590626841611015863e-01
1.307187108160508260e-01
-5.937764346517230507e+00
6.836674884295151244e+00
5.892660013192678292e+00
2.440617745058791144e+00
5.239531044035643514e-01
-7.683147049790419736e-01
-1.743724202449217428e-02
-5.217405054710289036e+00
-7.505037433960800586e-01
7.307211824771396858e-01
1.171645594950197555e+01
1.470552738837235474e+00
-4.922098996099886214e-01
-2.915134234642211997e+00
7.029606846686277777e+00
-1.582218223790254230e+00
-9.364392842954873952e-01
1.147148670551669802e+00
3.389235773246036532e-01
-4.627078367708894469e-01
1.510078752959621573e-01
-2.422653498292747787e-01
-3.362883355195592783e-01
8.030630060461709796e-01
2.479307616115323132e+00
3.630614899884061497e-01
2.723457225542745830e-01
-3.923676541449403032e+00
-9.310721786545046452e-01
-3.603511281669551813e+00
2.120879089749378998e+00
-2.203911391657499053e+00
-3.683361293992737817e+00
-1.484773931395609203e+00
-8.490549495181514139e-01
-4.641455409470889748e+00
-2.289631071507263610e-02
3.876079228477039562e-01
-5.894457492535804199e+00
3.034271177776260570e-02
9.123381769795795293e-01
-1.894946507096178234e-01
-2.643343910776020378e-01
8.929793885993371483e-02
2.496216123931541020e+00
-1.220610213516614584e+00
-1.189923456907632371e+01
4.006642362361698684e-01
9.322613828019521431e-02
4.121754323217574068e-01
2.899181297209496577e+00
-4.214475956883668162e-01
5.000647575266862210e-01
-4.129094016327844452e-01
3.380289803592000375e+00
3.509562424615011444e-01
1.851606941216453750e-01
2.896787202942300077e+00
-5.772001551076094472e+00
2.742250913646022137e-01
8.678080927502970776e-02
6.436572469323089685e+00
-2.286941497321816286e+00
-5.749807952607107753e-01
-4.564062455225671999e-01
4.058109999437800597e-02
-9.476857772478601838e-01
3.833219367754949758e-01
-6.245449769677561491e+00
6.951876987575251299e+00
2.610084847056827417e+00
3.387220773147099351e+00
-9.604688373394454359e-01
4.135642062327450574e+00
3.218300891003760711e+00
-2.522751337958884843e+00
-4.089944443039426614e-01
-3.809197569226595581e-01
4.346719626738982711e+00
5.087047006025601448e+00
-2.228208279495799693e-01
-4.570450229359017680e-01
-7.969681697585219382e+00
2.935940145184192218e+00
-7.315223943034052101e-02
3.440386160007994132e+00
-2.909170796493075820e-02
-1.669319650161223301e+00
-1.328279413044556279e+01
2.587328002754304634e+00
7.909562628441590970e-01
7.557137704159510250e+00
-3.868045680492433469e+00
-9.257818155677155492e-01
-8.060321795459856054e-01
1.410475631753768944e-01
-6.769155147856242838e-01
5.074033124400481931e+00
1.114520032900555790e+00
-1.603333706320930974e+00
1.690799327492918724e+00
-3.135169845451199588e+00
-1.273547482965714295e+01
-3.521786014773626849e+00
3.766680860614386894e+00
-2.187081802243519668e+00
-4.469773373978069286e-01
-1.179833071519674093e+00
6.649097097995115835e-01
4.709030833928291582e-01
-1.063114371639845290e-01
6.067854708658645402e-01
2.312114113509649571e-01
-3.557956056179563120e-01
-8.547090061583499931e+00
-6.387368917727120898e-01
-3.193920730960749133e+00
5.840431499762543943e-01
3.600180913906976532e-02
3.831045029996672735e+00
-5.619042387243605718e-01
-6.299172502685099762e-01
3.556068968711606493e-01
-2.425365946542271445e+00
5.743701498127379290e-01
-7.811894409656204630e+00
8.044596486454543838e-01
-6.635016254631472821e-01
-2.128725087094982329e-02
5.128767872489046198e-01
1.769113441105715223e+00
-3.974702081195839037e-02
9.170135272446433561e+00
-2.099646252324219198e+00
5.663649443131689054e+00
-8.875573027604113374e-01
2.613221716791697125e-01
-2.005922419552085501e+00
-3.547824950281072809e+00
1.600217955287270755e+01
-1.459993119781246851e-01
-4.059937897698641662e-01
2.999208021113054290e+00
-8.762127204176369588e+00
-2.781521477615329641e-01
-1.954677986570900083e+00
6.587304637027782683e-02
2.716288375572206149e-01
1.064615196494570482e+00
-3.807668964274093071e+00
1.626135435326465095e-01
2.653344762363465392e+00
-1.034325770694161761e+00
-1.185059465856253658e+00
-6.003544895329246955e+00
-6.335024205391250884e-01
-1.373814789719226326e+00
-5.260778167915539427e+00
-1.598332798463547033e-01
5.325648840299612718e-01
1.706640203044814896e+00
8.738444518879090239e+00
9.679939008366600817e+00
5.276395564600116828e+00
7.133870725436126659e-01
-3.806690755535258486e+00
1.761097401436176657e+00
4.503191440770742959e-01
-5.137665558532354959e-01
-6.515056984588050604e+00
-2.412913563932144623e+00
-4.053619828463781577e-02
4.164907366605392625e-01
-5.279881269824964640e+00
4.808754759653446897e-01
-5.724612225505583130e-01
1.572998274812857256e+00
-4.130948204264346391e-01
9.033464518656230541e-03
-5.537824984691024355e-01
-5.910788770204831621e+00
8.593995398326900736e-02
-8.530312518933289012e-02
3.347468615560068583e-01
-6.808301250027241736e+00
1.327090142526247352e+00
1.124152116653736322e-01
2.754975133362053796e+00
-3.622680172310890789e+00
8.155165503625916301e-01
2.047192009926387168e+00
2.007792258962767917e+00
-1.910481523526427416e+00
-7.974698372451127781e-01
-2.698760096367833761e+00
1.669073297858398863e+00
-1.432431418641445298e+00
4.954168447545084786e-01
1.858630235643756734e-01
