2.733413084106717239e-01
-3.359327025244200904e+00
1.253244752946653176e-02
-5.376759292255216316e+00
1.813213192851823807e+00
-3.477533259270131349e+00
-1.555524830370394129e+00
1.241693124430304662e+00
2.021970211838933551e+00
-3.406915354384809635e+00
9.566152732994972485e-01
-6.201158222598230907e+00
4.678825295332830869e+00
-1.922792580670343199e+00
-1.824148594909846266e-01
-5.867596005728140107e-02
1.884824880059286167e+00
9.501648636402338921e-01
1.989668693998204452e+00
8.838179496722750605e-02
-2.709208515778404713e+00
-2.468490229575066586e+00
1.241130995639592616e+00
8.974820759422309280e+00
-3.872969594725666487e-01
4.126552554573585940e-01
-4.076555896471492524e+00
-2.239961232946833913e+00
-1.430908192972115689e-01
3.880185408378342693e+00
1.505424089421100176e+00
-4.345630908849464902e+00
4.049224146089152043e+00
-2.656217222512530007e+00
1.037277494564223357e+00
-1.230727243612363520e+00
-3.214216577400647035e-01
1.419138788083726510e+00
-2.978165382504877057e-01
-7.027345120698423209e+00
2.420703968152596364e+00
7.757803636126998637e-01
-2.225419494805504605e+00
-2.374116943315542461e+00
-3.964657118813089909e+00
-5.648039948021130741e+00
2.467000330064779590e+00
1.670398336118903648e+00
5.961407126036736281e-01
-2.145365330871256582e+00
7.473304938085580940e-01
-7.750193568484187168e-01
-2.386360584405229801e+00
-2.688904282168581572e-01
6.188681545604796108e-01
-1.433167870271838118e-01
8.268472093439072079e-01
-5.029465690242282960e+00
-2.961515395237170889e+00
-1.042085313704002036e+00
1.658620010684899448e-01
-2.029780504325497947e+00
3.818755817991728030e+00
-3.722871339258693180e-01
7.626212986457519882e+00
-3.870762414826484310e+00
2.499483336459508820e+00
1.054927358795855241e+01
5.286825913313950576e-01
-2.092948564150063806e+00
-4.988638326802090628e-01
1.302236671093337794e-01
8.634503709993832654e-01
-4.086146512714114998e+00
-3.729905264857916181e-01
6.614343548490114744e-01
-1.386427999679746392e+00
1.630278997183852052e+00
-3.007392840550847879e+00
-1.215549664483380088e+00
-4.841247992528973754e+00
-1.179962291641375227e+00
-2.353816971511611400e-01
2.946745862856614551e-02
-1.312927532895524330e+00
5.743856444352492652e+00
1.728409798160922550e+00
-1.238469628038076209e+01
-8.858129189375743562e-02
-5.346610766070349907e-01
-2.871371228982823709e+00
-1.567844175556661057e-01
3.276884085455875617e+00
2.271862315576227420e+00
1.842653587404716298e+00
1.657064458039370081e+00
7.676659784565283973e-01
1.787644873783115873e+00
-1.879724549785872778e+00
5.518272298361373451e+00
7.821096416574086163e+00
-2.906587320745669945e-01
2.359567822640601165e+00
-3.460352648452491575e-01
1.332410341775765783e+00
-2.253668810723810534e+00
3.920407378594803482e+00
7.895722336167720901e-01
6.746641844830165713e-01
-9.126748950237135727e-01
8.189940778566853652e+00
-1.249933456746588956e+00
-1.399210372924291512e+00
1.845211891406277838e+00
-4.331954810717045135e+00
3.006663709419509778e-01
-3.067995519716031794e+00
-2.424503585546691209e+00
8.217247070604606352e-01
2.763353212952710081e+00
-9.862927061978044918e+00
-7.008571003246875097e-01
1.222230047248636264e+00
2.213146531310968168e+00
-3.413205503687185005e-01
-1.594557853106471246e+00
-3.299598059419904583e+00
-1.409585938346032519e+00
3.059637822115199302e-01
1.419650028595886848e+00
2.079573966370861893e+00
3.949572331108533452e-01
9.016295287571959305e-01
-4.633015425705792056e-01
8.188227162518307845e-01
-5.495573027392360643e+00
-7.545532374903120287e-02
-1.536686900618045470e+00
-3.408803350920857511e+00
3.071539692387784015e+00
1.089124395816270052e+01
-4.085660301257387772e+00
-7.365564469917414314e+00
2.844382622479148526e-01
-2.498587446252662936e+00
2.041802906128712403e-01
-1.957714623814452271e+00
8.343286376691754214e+00
5.698542699871544492e+00
-1.009267964387506655e+00
-1.297230968182994992e+00
1.790648672655738904e+00
9.802093113646703770e-01
1.003536546801250040e+01
-3.707333885110435823e+00
3.562215384310178479e+00
-4.644511239297828276e-01
-5.603364390687683105e+00
-1.288794552208112787e+00
5.202599797190822217e-01
6.353676062315624096e-01
-1.935568232046832593e-01
9.941705044463582386e-01
-3.097497826387979547e+00
7.728270936153703863e-01
-4.864278268768973845e+00
-1.084172414131777742e-02
1.330021703864479321e-01
1.946414047911412259e+00
-3.062452239164835444e+00
5.825048705830840667e+00
1.636077883373240560e+00
7.852991003429059536e-01
-2.836738156305112390e+00
-1.674741093293487193e+00
-1.670457025658823369e+00
9.538836548910040181e-02
9.743308997984366782e-01
3.091427424893633980e+00
-5.645667696248640732e-01
2.961374397465824648e-01
2.838127357007434348e+00
-7.455608142606076072e-01
-2.578482849265258725e+00
-1.637465204520913531e+01
1.734154660341286069e+00
3.877007439346258799e+00
-7.691991375823137744e+00
-1.319721617793154556e+00
5.152620159234148067e-01
8.856402862249147523e-01
-1.469885603836075916e+00
-3.040650295908867151e-01
6.993217406936831360e-01
2.510698470166890850e+00
-1.215663640351799107e-01
1.016266341213055924e+00
-2.631230498844273624e-01
-5.557660898241514325e+00
-3.857563387656182563e+00
-1.183321648780518487e+01
9.991391886765943475e-01
6.081531437180541788e-01
5.527111497688004249e-01
-1.109624186617438824e+01
-3.080233945576053012e-01
1.826477461529831148e+00
-1.189136790934458787e+00
1.367120310195965860e-01
-1.916487693351231369e+00
1.218885732219250756e-01
-1.791873947943458112e-01
1.304197300485451905e+01
7.845693106764894953e-01
2.862008416698717639e+00
-6.704351294894040914e-01
6.596798151889091688e-01
4.061836005854931320e-01
1.977988894294145261e+00
1.272649451852401192e+00
3.513205799319820244e+00
-3.735963949864815170e+00
-4.900480195926869287e-02
-3.337876277501990452e-01
-1.292868510010742966e+01
7.352777649509933955e-01
-4.374163928753210806e-01
2.340009016277025289e+00
1.832106825394829830e+00
-7.840371702029689249e-01
-2.846151287123889206e-01
-4.982797600868249521e-01
6.446844359648631340e-01
3.267812499492421807e+00
1.152438076190898641e+01
-2.532667683049958374e+00
1.579943034107592403e+00
4.334379417190304729e+00
3.175626691676636693e+00
-2.808752053047073094e+00
-3.975079236522230275e+00
2.433914375717772582e+00
-8.678174825829070294e-01
1.795309098643814161e-01
-1.656811908606578010e-01
-4.810919234884722506e+00
-5.956897400476286464e-01
1.376386763798537416e+00
4.755433898550270877e-01
-4.365854695192659563e+00
-2.203397237970769140e+00
1.026575821885833184e+00
6.780642494985055890e+00
1.498612022968706992e+00
-1.461411934994867545e+00
-1.065233331383842741e-01
-1.359083720877584156e+01
-4.391035419496983394e+00
-4.788564185008439833e-01
-1.394379587163566292e+01
-9.281401914806270526e+00
5.198583007478357665e+00
-7.775726601712282249e-02
1.883893240110116496e+00
2.755054112364799579e+00
