
0 56.742332 0.332265 12.807478
1 66.194865 9.202104 17.212817
2 66.194865 19.729278 17.03276
3 74.884108 34.759138 17.168551
4 74.884108 44.824941 15.268846
5 88.438995 56.062501 12.086458
6 89.011736 62.600468 9.30746
7 89.185392 67.652477 11.06726
8 89.393424 73.21018 10.602566
9 91.559745 79.640532 8.158875
10 91.559745 83.735087 5.64171
11 91.759745 87.645634 1.776759
12 91.759745 89.078841 1.803954
13 91.769315 90.495583 1.262464
14 91.769315 91.309543 0.720322
15 91.769315 91.626656 0.093871
16 91.769315 91.679039 0.097859
17 91.769315 91.739613 0.060745
18 91.769315 91.762425 0.004297
19 91.769315 91.765296 0.004723
20 91.769315 91.768166 0.00311
21 91.769315 91.769315 0.0
22 91.769315 91.769315 0.0
23 91.769315 91.769315 0.0
24 91.769315 91.769315 0.0
25 91.769315 91.769315 0.0
26 91.769315 91.769315 0.0
27 91.769315 91.769315 0.0
28 91.769315 91.769315 0.0
29 91.769315 91.769315 0.0
30 91.769315 91.769315 0.0
0 56.742332 -0.413154 13.049117
1 56.742332 6.409249 15.70242
2 85.59141 18.322576 19.466917
3 87.193424 37.104868 20.91288
4 87.193424 50.649005 16.734546
5 89.218586 61.679941 9.236049
6 89.218586 66.556908 11.315448
7 89.218586 74.459365 11.376566
8 89.249357 82.408407 6.982084
9 90.221114 86.962267 1.249851
10 90.221114 87.75588 0.923826
11 90.849357 88.393178 0.914629
12 90.849357 89.001893 0.766818
13 90.849357 89.474601 0.599973
14 90.849357 89.928199 0.63725
15 90.849357 90.31543 0.545128
16 90.849357 90.658815 0.370593
17 90.849357 90.849357 0.0
18 90.849357 90.849357 0.0
19 90.849357 90.849357 0.0
20 90.849357 90.849357 0.0
21 90.849357 90.849357 0.0
22 90.849357 90.849357 0.0
23 90.849357 90.849357 0.0
24 90.849357 90.849357 0.0
25 90.849357 90.849357 0.0
26 90.849357 90.849357 0.0
27 90.849357 90.849357 0.0
28 90.849357 90.849357 0.0
29 90.849357 90.849357 0.0
30 90.849357 90.849357 0.0
0 39.900134 -0.04798 13.029866
1 39.900134 5.385021 15.072261
2 74.866602 14.776386 17.200594
3 75.049357 27.887551 16.164786
4 84.983229 38.379848 14.846794
5 84.983229 48.526579 14.186339
6 88.413791 57.980625 11.244498
7 89.645142 64.306908 10.124439
8 89.645142 68.994715 11.085426
9 90.415851 75.853822 9.090276
10 90.415851 81.528728 5.81079
11 90.821114 85.226922 4.118281
12 93.691917 87.806548 1.74621
13 93.691917 89.054784 1.418178
14 93.691917 89.721895 0.908429
15 93.691917 90.173288 0.623514
16 94.089203 90.504939 0.729276
17 94.089203 90.878428 0.88076
18 94.089203 91.033576 1.089587
19 94.091917 91.556031 1.181839
20 94.091917 92.055974 1.194856
21 94.091917 92.68364 1.031162
22 94.091917 93.42576 0.726159
23 94.091917 93.90296 0.244896
24 94.091917 94.053076 0.101865
25 94.091917 94.091591 0.000882
26 94.091917 94.091917 0.0
27 94.091917 94.091917 0.0
28 94.091917 94.091917 0.0
29 94.091917 94.091917 0.0
30 94.091917 94.091917 0.0
0 56.742332 1.249876 13.430836
1 65.732799 12.386985 19.426344
2 88.39141 24.822512 19.202937
3 88.39141 42.208783 18.59417
4 88.39141 53.586063 15.032294
5 88.39141 62.543029 9.580787
6 88.39141 68.18794 11.845967
7 88.993424 76.198266 10.739863
8 89.193424 83.585324 5.581399
9 89.213791 86.988651 1.000023
10 89.218586 87.464795 0.811874
11 89.468774 87.829918 0.748959
12 90.157367 88.136596 0.689091
13 90.157367 88.448804 0.521133
14 90.157367 88.659539 0.529486
15 90.157367 88.924591 0.415845
16 90.157367 89.129893 0.37433
17 90.157367 89.327396 0.268529
18 90.157367 89.498746 0.347533
19 90.157367 89.474127 0.678402
20 90.157367 89.909473 0.330525
21 90.157367 90.116052 0.163532
22 90.157367 90.157367 0.0
23 90.157367 90.157367 0.0
24 90.157367 90.157367 0.0
25 90.157367 90.157367 0.0
26 90.157367 90.157367 0.0
27 90.157367 90.157367 0.0
28 90.157367 90.157367 0.0
29 90.157367 90.157367 0.0
30 90.157367 90.157367 0.0
0 74.746171 1.848528 15.820398
1 74.746171 11.86384 20.602717
2 74.746171 23.400003 20.05571
3 86.39141 37.62786 17.267961
4 86.793424 46.444377 15.834256
5 86.793424 54.665765 10.900163
6 86.793424 58.087792 9.358398
7 87.793424 61.957864 9.595127
8 89.444163 67.790989 11.772875
9 89.444163 74.951506 10.720155
10 89.444163 80.67516 7.45158
11 89.793424 85.173046 3.616165
12 89.817915 86.693104 1.000417
13 89.817915 86.971713 0.96297
14 90.231292 87.56826 1.081927
15 90.231292 88.033125 0.971938
16 90.673131 88.562831 0.858491
17 90.673131 89.088915 0.555151
18 90.673131 89.3067 0.489354
19 90.673131 89.510991 0.373292
20 91.659829 89.676198 0.414888
21 92.862464 89.958187 0.527404
22 92.862464 90.325153 0.626064
23 92.862464 90.66422 0.643066
24 93.028738 91.074226 0.703113
25 93.028738 91.435937 0.775347
26 93.028738 91.917871 0.70388
27 93.228738 92.295679 0.64418
28 94.122264 92.604107 0.616189
29 94.122264 93.019514 0.430537
30 94.122264 93.32239 0.478633
0 56.742332 0.151129 12.06317
1 74.751957 12.329382 20.372945
2 74.884108 26.829441 21.189922
3 74.884108 39.893613 15.590787
4 74.884108 50.171444 12.557884
5 74.884108 58.412131 6.144799
6 88.611736 62.197608 7.535011
7 88.611736 66.163043 8.982653
8 91.336971 72.301892 8.67635
9 91.336971 77.50276 8.109341
10 91.336971 80.567237 6.599393
11 91.336971 83.378625 5.377942
12 91.336971 86.692694 1.590893
13 91.336971 87.66285 1.569007
14 91.531574 88.411306 1.441759
15 91.531574 89.304889 0.931929
16 91.531574 89.559133 1.303803
17 91.531574 89.939214 1.274146
18 91.736971 90.742231 0.669616
19 91.962129 91.252045 0.393375
20 91.962129 91.481579 0.191829
21 91.962129 91.584181 0.118346
22 91.962129 91.688128 0.176182
23 91.962129 91.815018 0.16994
24 91.962129 91.925161 0.070628
25 91.962129 91.956278 0.003494
26 91.962129 91.958676 0.003896
27 91.962129 91.96103 0.002723
28 91.962129 91.962129 0.0
29 91.962129 91.962129 0.0
30 91.962129 91.962129 0.0
0 66.057201 2.13969 16.304425
1 66.057201 10.919418 19.578609
2 66.057201 23.399167 20.898524
3 85.466602 36.502424 17.949839
4 87.611736 49.209824 16.695957
5 88.193424 59.82698 10.919102
6 88.813791 67.010541 10.872139
7 90.217915 74.391973 10.489371
8 91.559745 81.591666 8.033564
9 91.759745 87.304022 2.584113
10 91.759745 88.979333 1.860367
11 91.762129 90.331597 1.383023
12 91.762129 90.99486 0.919457
13 91.762129 91.534236 0.400164
14 91.762129 91.701215 0.090596
15 91.762129 91.741817 0.05726
16 91.762129 91.743841 0.054289
17 91.762129 91.760008 0.000746
18 91.762129 91.75046 0.043548
19 91.962129 91.763128 0.020035
20 91.962129 91.769843 0.039258
21 91.962129 91.786129 0.064992
22 91.962129 91.830105 0.094709
23 91.962129 91.890105 0.095982
24 91.962129 91.950105 0.047492
25 91.962129 91.962129 0.0
26 91.962129 91.962129 0.0
27 91.962129 91.962129 0.0
28 91.962129 91.962129 0.0
29 91.962129 91.962129 0.0
30 91.962129 91.962129 0.0
0 56.888533 1.433999 14.406828
1 74.746171 10.750648 20.122446
2 86.79141 21.08616 19.712501
3 86.79141 30.647615 16.805047
4 86.79141 40.756419 16.504566
5 86.79141 51.363085 14.609823
6 86.811736 58.886975 8.753562
7 87.79141 63.398367 9.624504
8 87.79141 65.587416 10.890162
9 89.62619 71.146635 10.988089
10 89.62619 77.557739 8.388245
11 89.823649 83.52257 5.31144
12 91.223649 86.94621 1.234085
13 91.223649 87.651873 0.903964
14 91.223649 88.124363 0.870814
15 91.223649 88.530621 0.821015
16 91.223649 89.063782 0.748468
17 91.223649 89.340238 0.732047
18 91.223649 89.696871 0.605907
19 91.223649 89.889881 0.754571
20 91.223649 90.150629 0.680587
21 91.223649 90.574558 0.657887
22 91.223649 91.015349 0.385523
23 91.223649 91.223649 0.0
24 91.223649 91.223649 0.0
25 91.223649 91.223649 0.0
26 91.223649 91.223649 0.0
27 91.223649 91.223649 0.0
28 91.223649 91.223649 0.0
29 91.223649 91.223649 0.0
30 91.223649 91.223649 0.0
0 56.742332 1.477011 14.454215
1 57.379599 10.355142 18.48787
2 65.857963 21.866445 19.253485
3 85.99141 37.028841 18.171205
4 85.99141 48.280636 14.462572
5 86.587394 55.899396 9.879592
6 90.075317 62.279713 8.618969
7 90.075317 67.23712 9.766683
8 90.362129 73.962987 8.695538
9 90.362129 77.83142 8.35159
10 90.362129 82.332414 5.559167
11 90.362129 85.091276 4.058647
12 91.720067 85.702363 3.837552
13 91.720067 87.421305 1.281945
14 92.046757 87.265267 2.857894
15 92.046757 86.659201 4.381439
16 92.046757 88.456284 1.392378
17 92.046757 88.758271 1.724473
18 92.067755 88.572063 3.729965
19 92.067755 89.441564 2.927098
20 92.067755 90.538985 1.289048
21 92.067755 91.375198 0.913183
22 92.067755 91.935 0.174079
23 92.067755 92.045696 0.031135
24 92.067755 92.060903 0.009721
25 92.067755 92.067202 0.002977
26 92.067755 92.067755 0.0
27 92.067755 92.067755 0.0
28 92.067755 92.067755 0.0
29 92.067755 92.067755 0.0
30 92.067755 92.067755 0.0
0 56.736602 0.919981 13.313011
1 56.742332 10.694434 17.234334
2 57.059829 20.8604 15.817927
3 57.059829 30.100189 12.896716
4 65.742332 41.074501 15.136405
5 88.313225 51.999363 11.908749
6 89.068774 61.630429 9.510379
7 89.068774 67.935197 12.315124
8 89.215851 76.868165 11.745778
9 89.215851 84.271346 6.185277
10 89.468774 86.706481 0.759125
11 91.559745 86.910712 1.726395
12 91.759745 87.859052 1.646175
13 91.759745 88.936002 1.513426
14 91.759745 89.912612 0.994403
15 91.759745 90.485686 1.058142
16 91.759745 91.141292 0.890014
17 91.791187 91.648374 0.099451
18 91.791187 91.708374 0.087493
19 91.791187 91.748374 0.046526
20 91.791187 91.760689 0.005364
21 91.791187 91.761946 0.008022
22 91.791187 91.764462 0.011227
23 91.791187 91.771379 0.01518
24 91.791187 91.780811 0.014784
25 91.791187 91.790244 0.005364
26 91.791187 91.791187 0.0
27 91.791187 91.791187 0.0
28 91.791187 91.791187 0.0
29 91.791187 91.791187 0.0
30 91.791187 91.791187 0.0