-3.225019093181544783e-01
-6.084396949822756806e-01
-7.153209070496198141e-01
3.741342421024347331e+00
1.285555874270670529e+00
-2.409789080186484966e+00
-2.892689468717279944e+00
-1.174763543829836721e+00
2.771398459565753036e+00
9.131367168847961402e-01
8.837963869514213755e-01
3.811671984887639919e+00
-2.549550560258753151e+00
3.861879405155751677e+00
8.115817884244234115e-01
-1.747712929441552099e+00
-7.627712589417706468e+00
1.513620916049664533e+00
2.050977910653816849e+01
-7.954156600991188597e+00
-9.030057944817306392e+00
1.504153516500834842e+00
2.352006729692440956e+00
4.688374215810932277e+00
-2.709390677970844763e+00
-9.823011176210394879e+00
-1.125237248681472124e+00
-5.258736626945842652e+00
1.343612266650724862e+00
1.015143409609712322e+01
-1.587114162472643253e+00
-6.753509317365381293e+00
6.431045672188979989e-02
5.426561376550739446e+00
-6.366051346770433828e-01
-3.657891221101709611e+00
-1.677089752393251532e+00
5.499436718960309944e-01
-2.770846491162100994e-03
-6.281038650920358180e+00
-2.063834061961147714e+00
1.537139866101667529e+00
-1.975661143160230893e+00
7.511815990405468213e-01
1.163306393668506367e+01
2.765141771703986784e+00
-1.180401490224677996e+00
-1.597041875261711263e+00
-8.883152995684135966e-01
-1.448382410845128199e+00
-7.811151634019133927e-02
-4.446211598607387572e+00
7.516477436340265328e+00
-2.487633885327575900e+00
1.132632237417275700e+00
-1.165952779855029764e+00
2.928184477923565066e+00
9.079926294267712805e-01
6.693654854597431481e+00
-8.276076884389574340e-02
-1.186027480832294589e+00
3.360334441760935320e+00
-1.555554712474458423e+00
-1.047541972609160599e+00
-9.131811010738219991e-01
2.503547932552140365e-01
-2.227211149216249630e+00
-2.958260094996385980e+00
-2.409027489624577356e+00
-4.152760828520946079e-01
-3.065877435854821531e+00
-2.282898352771084660e+00
-7.354192266275350498e+00
-1.140637492807453079e-02
-6.394143293172248832e+00
7.335597164604303888e-01
-4.061647556184949437e+00
5.434465127039549426e-01
-2.008314341468524944e+00
-6.758045242593832214e+00
-2.879645143753599257e+00
-2.196885289487056525e+00
6.686080873418989712e-02
5.411035830849197481e+00
-5.067683711617632980e+00
-1.929644823565508815e+00
3.850744262274620855e+00
6.815322697533737539e+00
-1.280964852726773096e+01
-6.091368890889746979e+00
-8.621852000707445285e+00
-1.808558201183312564e+00
1.289698852920956318e-01
-1.687744527354267499e+00
-4.136192190330902352e-01
6.223500931178506335e+00
-4.985004330444947840e+00
-3.697676241780233575e+00
-8.047005393672193030e-01
-3.248968244193337185e+00
5.254209110266162774e+00
7.974847258693856134e+00
-2.115578502403512751e+00
-4.503325956172023581e+00
7.348958620818055287e+00
2.577613431255115106e+00
1.164789963525812100e+00
3.204296142072587283e+00
5.154097315052775130e+00
1.198641028991417556e+00
-1.816966395511814492e+00
-6.013048318992894048e-01
-4.308034217245332087e+00
7.925830653268429948e+00
-3.002987125350208064e+00
-8.353786178707148791e-01
-3.399407202920968096e+00
3.659441232297505397e+00
-3.601419376053125454e+00
4.181347797909099384e+00
1.527715538081100277e-01
3.981525362300852855e+00
2.475033385020345200e+00
-1.695049765747590476e+00
1.736661543470720437e+00
-7.232417967558749439e+00
1.109882624551126601e-01
-9.227116874463624219e-02
-6.395089434605468748e-01
-7.761492323252205949e+00
9.187355498905889206e+00
1.563978367856605933e+00
5.808782177594773444e+00
-2.675445484414594954e+00
-3.946360638775146867e+00
-1.540451035801946311e+00
7.736914470301851088e-01
-5.887621064672127202e-01
1.533001799100463858e+00
3.910633213952283693e+00
-4.787332450893833524e+00
-1.036286234066688650e+01
1.974554177396220744e+00
-6.457767348338919078e+00
-4.809609695684851971e+00
-1.351049602121524984e+01
3.943977802966418089e+00
1.353344359635136884e-01
4.369076515403081729e+00
3.374503519677396035e+00
6.798902314182067030e-01
-1.642269706514131400e+00
1.664851803747507741e+00
1.354446011480257839e-01
-3.467218103648855299e-01
-2.965477287505416726e+00
-1.343930237355371649e+00
-6.014226426204020981e-04
1.015592656580403741e+01
3.792261594089196386e+00
9.016905537466678444e-01
1.360156043141810489e+00
-2.499981961451319457e+00
-7.012648858455119427e-01
7.436135429991327150e+00
2.635226275121147932e+00
-2.174509193383254324e+00
-7.821061418832496726e-01
-6.613954598404772511e+00
9.586516160873828074e-01
7.150709138400834775e-01
-8.824214749498963783e+00
8.282609357160843899e+00
2.620461158451250494e+00
1.255464359114474071e+00
1.516083562984074928e-01
4.175347344458762322e+00
1.659260450435469547e+00
-3.440398693909411665e-01
8.297188984422236402e+00
6.075161638430579547e-01
-1.945296872414450651e-01
1.381597777764068002e+00
5.385603664406221291e+00
-1.996285965099263038e+00
6.044366703779507688e+00
-3.092893982715391399e+00
-4.269295733288837047e-01
-8.661935376639534612e-01
-3.917943327152626942e+00
-1.041721247115005333e+01
1.168927716938816586e+00
4.882830758238211111e+00
1.208059723827472709e+01
4.202094144259913011e-01
-3.184701935219311331e+00
-6.617560221820883992e-01
-8.933419887050453312e+00
2.757244917418143704e+00
-7.511980643284241310e+00
2.341888477923663281e+00
9.207961048988068109e-01
-6.449847435867983592e+00
1.722207038447635563e+00
1.114945685367304407e+01
-6.385246319347950283e-01
1.098857570179288645e+00
-1.349708217536516264e+00
-1.603538736829651512e+01
-5.819453786866213285e+00
-7.802178577964974160e+00
-5.891277786347888165e-03
-1.747484684160628277e+01
-6.742544275231623918e-02
-2.463204504381006466e+00
7.104624478349893524e-01
8.382475355244849879e+00
-1.482572168589867800e+01
1.753264555494814081e+00
4.025238498410700916e-01
-1.762430397911671331e+00
-2.036436269831263690e+00
2.877409589073945728e+00
8.107394371026617197e-01
2.895472304125016549e+00
-3.430839439224402820e+00
-1.387423910483152334e-01
5.330460665825322852e-01
2.389152645556891219e+00
6.721439017859960341e-01
2.332122006831972572e-01
6.173920354692143064e+00
5.876307155639026725e-01
5.197957551191943359e+00
8.655865545720258680e+00
-9.083353466426387968e+00
2.750456542822840245e+00
3.418689343375140854e+00
-6.581021073090608242e-01
-3.887224019959893528e+00
-9.540169947963129671e-01
4.798795779620309010e-01
-1.165517952138341640e+00
-6.223374397822721171e+00
6.684225151210370974e+00
2.254112492997131234e+00
2.819287302714648669e-02
-4.210911867710033896e+00
9.158660166941720249e+00
-1.394755959600751272e+00
1.139406039030230566e+01
-9.706968081349649502e-01
-1.103169894641807147e+00
6.657863290052752625e-02
4.643298582566028010e+00
3.748600421369933766e+00
-6.689857409941209809e+00
2.865983595760331348e-01
-7.466728960078484745e-01
4.906512774358554041e-01
-1.593096665590356009e+00
-2.133886350473338522e-01
-1.141044207878089356e+00
2.473454914028026419e+00
7.868907426133164851e-02
