-3.886694339053275993e-01
1.753197141242592405e+00
-8.685057167308743331e+00
-2.378898913135917281e-01
-7.417138979753566952e-01
-1.219338103700452702e+00
4.568730944321935716e+00
-5.826295306887438130e+00
-1.242819254987806710e-01
1.666354380370421495e+00
-9.659896417940923019e-01
1.901362910659091909e+00
-3.707235860237841241e+00
-5.680156931937196951e-01
3.986331097245088717e+00
-1.614750275683333181e+00
3.333498026713489493e-01
-1.443304052515545832e+00
1.124494574287623783e+00
1.202129113688493456e-01
-6.770912711728732658e-01
-2.414936124316243937e+00
-1.693863432882035447e+00
-1.436957292818619614e+00
1.682405327976269405e+00
3.944010432700421620e-01
-1.122777803010674313e+00
7.940118224749648235e-01
-1.234643297432625131e+00
-3.646797219707718085e-01
4.264982719411168688e+00
-1.105793706760187689e+01
8.451158380621244248e+00
-5.838834853733622765e+00
3.473883889322673557e+00
2.885513601451894061e+00
-1.005337897255771651e+01
-2.807605240548257886e+00
1.358878308107126065e+00
-5.039828120079103968e-01
9.284189512982835568e-01
-1.813530562758915110e+00
4.786779835504003516e-02
-4.111841540752567248e+00
-1.600510596103827954e+00
4.633673089752996077e+00
-2.210485406898232252e+00
5.759528426607941398e+00
3.202018537853138724e+00
6.618773687419379215e+00
6.362683463764179592e+00
1.947499197580062402e+00
-1.020651580607116582e+00
-7.183153921909185335e+00
-3.997798766849789853e+00
-1.207209543363941817e+00
-1.636136698685104918e+00
7.004727615013337960e+00
2.355720527227352701e+00
-5.404969141811617472e-01
4.014248705230139436e+00
2.156691250561828976e+00
-1.191896805648371638e+00
3.088296304821990024e+00
-2.532083800952768193e+00
-1.605271227011569601e-01
-1.253392871597986291e+00
-2.032047926170025054e+00
6.247329747130515365e+00
2.609340827303627958e-02
-8.829360148728687685e-01
5.525777499212736643e+00
4.867057475283171897e-01
2.883056309994219690e-01
-8.328039467138447449e+00
3.117825290504089519e+00
-1.011242415215874324e+00
3.342169541170702196e+00
-2.148208725496992599e+00
1.805998814475896719e+00
-2.839749828405375709e+00
1.079702979679581842e+00
1.983706300794359390e+00
-6.640764601602531236e-01
4.963636370385677843e+00
-6.293415077335621222e-01
-3.780473491922762275e+00
-6.787853990893611966e-01
2.911914427467041211e+00
-3.407931276777303342e+00
-1.147743995042750598e+00
2.929969910249102583e+00
-2.514454947499244142e+00
6.676549522116299151e+00
1.730809214379112060e-01
-4.719722293139839708e-01
-2.705073472063660667e+00
3.689726050501143551e+00
1.621301478827022802e+00
-3.127905609048189817e+00
2.786650713888430886e+00
-8.029246540279912914e-01
-1.800377630600351830e+00
5.440654210083962106e+00
3.024414888712624594e-02
1.206682672954847879e+00
-1.563946355936866706e+00
2.368586960344077674e+00
7.241369248276052772e+00
1.692324695872006846e+00
2.925649073674853717e+00
-9.215705158413846076e-01
3.959216446747977791e+00
8.196459117842276321e-01
-2.440723190060051007e+00
-7.750589378265186902e-01
-3.049780138926394990e+00
-2.101563257956498898e+00
-4.764514314291024705e-02
2.771537106865406219e+00
-1.012437451924327991e+00
5.064092878067654624e+00
2.023679347861374378e+00
1.102605005012803119e+00
-4.565883968290341821e-01
-6.010469148332366895e-01
5.698483324745938106e+00
9.186197196467966730e-01
-2.800720320111610651e+00
-9.848714519295025394e-01
-1.177322126548161263e+00
-4.989324020679074323e+00
1.926071928309061321e-01
-4.039134926176103590e+00
1.830326722910112558e+00
-3.973317235121961222e+00
6.816110836285163010e-01
4.005121710865877205e+00
-2.478227214623244024e+00
3.452141537986557651e+00
6.411880021345154113e+00
1.856015671405560230e+00
-6.969779297641432336e+00
-2.795818170626591215e+00
2.160769585322334763e+00
-1.757461612545168350e+01
-1.782496223501515431e-01
-3.972645961363060252e+00
-5.727795616701781833e-01
3.193627059218931974e-01
5.884324660528652551e-01
2.613989756583149582e+00
9.294443060715025240e-01
-2.180206581836563018e+00
3.137941462971397311e+00
5.531603150999954366e+00
-1.930740353380346608e-01
5.965361047199516875e+00
1.488001010265629365e+00
-5.995629211671897885e-01
2.289965414562751711e+00
-1.147883007892002816e+00
-1.187159308371461108e+00
-1.490028322932509752e+00
3.145950457074032647e-01
-2.886388168190960890e-01
-3.690226220394001722e+00
-3.876428832707728311e+00
3.390101662740578004e+00
-2.367413065018547869e+00
-7.703295135707395325e-01
2.712782181116009106e+00
-2.473942180013994907e+00
-7.171149450329264985e-01
-9.663994716275771113e-01
-6.645518426457366346e-01
-6.014787229217211539e+00
3.333656905947809612e+00
-2.697707494337168721e-01
1.315995155092075652e+00
-1.939240550075310043e+00
1.209416499629262676e+00
4.683277339293519859e+00
4.291921775347672607e+00
-5.648491384657767789e+00
-1.477891366098064707e-01
3.664556792847201816e+00
-4.717794821560889140e+00
-2.002617403278859509e+00
-5.098157195444624756e-01
2.014313997254341793e+00
4.283525993796333253e-01
3.499535238071207033e+00
3.701166586149052584e+00
-2.736635006291721628e-01
-4.212807739890399361e+00
-8.870645633759448145e+00
-3.661787972101058219e-01
5.224092991045573342e+00
-1.074729216141475518e+01
4.505912985167487506e+00
-3.636340036974679557e-01
7.604396849860823870e+00
1.766524472238065080e+00
2.986194035383707313e+00
1.035624469396710934e+00
-1.496621756787478219e+00
-8.020107727844520085e+00
-1.167700846560850492e+00
2.994120289409158975e+00
1.689342269841220545e-01
-1.701980515678746997e+01
6.155882451897284335e-01
-1.342432238891317686e+00
5.481928168538070523e-01
-4.316149692045565978e+00
-7.422871612482813575e+00
2.526357499231751014e+00
-3.406565105987681141e-01
2.967255399658322190e+00
-7.491807888351453393e+00
-3.294242809456506826e+00
-1.011439503725134192e-01
-1.416849924476258238e+00
7.492907942126273646e+00
1.650754452716969745e+00
1.477568094036947333e+00
-1.478748282513785428e+00
-2.598380012399329253e+00
-5.723625174957839512e+00
1.081892157910546937e+00
-3.174517346757060210e+00
1.575599102901986237e+00
3.653441566431552268e+00
1.076060742365139600e+00
-4.329234221613516564e-01
-5.215186311739470337e-01
1.289187246100753859e+00
1.081573781318964533e+00
-7.496218376053243038e-01
8.717626494441832463e-02
-4.774805823641460889e-01
-1.298066636427243203e+01
2.227277456832727154e+00
-5.199335741129589294e+00
-3.411267685032560504e+00
1.399651993099019887e+00
1.326361040831659288e+00
-7.757374296850358952e-01
-2.388544640136506025e+00
-1.890291592930600784e+00
-6.388128625138395078e-01
-5.656594936411504904e+00
4.293071205916787036e+00
-2.348522166854990711e+00
-3.066398940680956781e-02
-9.354821206203378647e-01
1.555725504574050788e+00
4.200964895859322645e+00
4.073496505548522606e+00
-4.105504500003106516e-01
-9.193690224632941055e-01
-2.241700761133442188e-01
1.669979940293791598e+00
7.285876011129872598e-01
