-1.082976062111193549e+01
-9.722701539041936347e-03
7.924722196914284034e+00
1.047296380377411573e+00
-1.526301377858388097e-01
-3.589405804477531436e+00
5.929901433341504102e+00
3.448032427794614385e+00
4.076521023777243791e+00
-2.684936959185973748e+00
1.561686498895108688e+00
-3.325723798912111340e-01
-7.058323071824212036e+00
4.919267004975895752e+00
8.809120010042910121e-01
3.518135068205732185e+00
2.824823860927440311e+00
1.608826494129943274e+00
-6.139775887260592313e+00
-3.611032957887458927e+00
-2.951414270885262536e-01
-1.536339822322005055e+00
1.333500919901681181e+00
-5.000546177424110894e+00
-3.387292799482949590e+00
6.940992033572996878e-01
2.534751121746172675e+00
7.372201545984305326e+00
5.163329436294034736e+00
-1.688440951432266246e+00
-2.294244134652526412e+00
-5.082368496366376220e+00
-4.454989807372635724e+00
5.557993312766216221e-01
1.949802583765735786e+00
2.817097476988781324e+00
-2.279279684821375440e+00
4.820929044544039144e+00
-2.577501995776649402e+00
-1.853824187143879865e+00
1.981195647192381726e+00
-3.776653852338276884e+00
-2.654994901280396391e-01
4.400442632873835080e+00
4.667695371907146229e-02
1.123885286502127823e+00
-3.844566113769479543e+00
5.373476192746955427e+00
-1.609471653436305161e+00
-6.209199052881008152e-01
3.471934986876872298e+00
-6.030866420162493968e-01
-6.274394875241271485e-01
-9.272728840112782756e-01
-1.343329904619256787e+01
1.732697345730475291e+00
-4.991557460746533614e+00
2.499127719226338584e+00
7.735678794883726894e-01
4.720773417794760007e+00
1.575901106643363692e+00
2.653491122681047365e+00
-1.411533709165309514e+00
-4.023440072013668156e-01
4.512583722449739376e+00
-4.425362846253245053e+00
5.901021758928475691e+00
-1.167964046301300796e+00
9.910323288441396095e-01
1.775958383571381916e+01
-4.515869601902898545e+00
8.991989810465096156e+00
-4.402990227886516283e-01
4.622264385197484060e+00
-1.140846190077180466e+00
1.275258330311833666e-01
5.198957752922082065e-01
5.800591304718429875e-01
-3.168899202028076179e+00
-7.941897989068923636e+00
-4.767622979770376468e-02
-1.126932924995039720e+00
2.256986399842605628e+00
2.371665938571349219e+00
-1.178858122509480522e+00
-7.510717124085243945e+00
1.938561041865692669e+00
-1.993167513209137764e+00
4.122161760478562087e+00
2.902201314326271486e+00
-4.118250744632136140e+00
-1.139126291950657843e-01
-1.232525261345330581e+00
1.960662733302915850e+00
4.994618427169881691e+00
1.032555454694578678e+01
-2.065024245707665962e+00
-9.502525242732688948e-01
-4.109101036226151749e+00
-2.548397585954184308e+00
-2.083141102186120364e+00
1.033671126073127278e+00
-3.228424727757084778e+00
3.622105491791141052e+00
4.948692155059497555e-01
-2.261534391236087238e+00
8.900778637144890482e-02
-3.367232312148276119e-01
4.613959672921211563e+00
1.410515657768143916e+00
-9.314237783059331477e-01
1.475399715752658825e+00
-8.952741514757839303e-01
9.780311145431408448e-01
8.937397071511248292e-01
6.503030631836778097e-01
-2.279833186702715786e-01
1.562991059923570125e+00
-2.397569522656401553e+00
2.425002502928237380e+00
4.807513855306430273e+00
2.870356945385182712e+00
4.959142483508623411e-01
-4.555663142620981709e+00
-1.936168549970536557e+00
-2.458851674168324397e+00
5.051874674144805510e+00
7.090785479364180688e+00
-2.856337231556515643e+00
-3.199749753423702270e+00
-1.043612408631407362e+00
-3.284224235632462463e+00
6.182686806487202702e+00
2.946206824255291679e+00
3.485796061954558045e+00
-2.679150463851244446e+00
-1.011456937748850926e+00
-1.355063667536710525e+01
-1.349751693455248258e+01
-1.273238421122413477e+00
4.436717987347636338e+00
2.224294107087202654e+00
-4.735551672748460561e+00
3.835842578699722782e+00
-1.247345582024834698e+00
2.067979332976173978e+00
-1.051001860353648354e+01
2.035742513837853984e+00
5.534205822298997823e+00
1.027177832465537843e+00
2.986564774492608265e+00
-4.186001929778059960e+00
-4.349356399559814790e+00
-2.765406632830903488e-01
1.375616936604813212e+00
-8.074369131291323498e-01
3.941131937735308233e-01
-7.027700224407022134e+00
-1.097249086142174868e+00
1.711030395324177222e+00
-2.228650154440238451e-02
1.496275686980684139e+00
7.130755174217626724e-01
-6.770133846209001938e+00
-1.222456265355690741e+00
7.810643501698971924e+00
-6.996151658817100216e-01
4.857711443576768318e+00
-4.422464265352284762e+00
-1.927132839739455372e+00
1.368569773538789613e+00
5.293857358151188297e-01
2.951445016679740796e+00
4.329422603316983142e+00
2.544194103378951244e+00
7.350608545102768066e-01
-7.091348822340997948e+00
6.322130595627586391e-01
5.203483625544167879e+00
5.505131330306468840e+00
-2.263135256012046792e+00
-1.344279257266791205e+00
2.009352534132079704e+00
5.005374037349758609e+00
7.164203336806603817e-01
-1.416474899997218539e+00
-6.866087781125610690e+00
3.500466803022452833e-01
3.697797625276837863e+00
4.886039228920981969e+00
-3.356621157827992974e+00
6.986059148598761093e-01
-9.540772408231593671e-01
-8.025510885302209463e-01
-5.269543902729873608e+00
-2.370496573436564614e+00
3.383265648701260897e+00
3.868018270316201601e+00
-2.288357642441760376e-01
7.800763507300574773e+00
5.268815678725402130e+00
3.223202382079405126e+00
-3.031888489206977955e+00
-9.300350315072525298e-01
-9.366496978794152106e-01
-2.918993430113673071e+00
-7.973397122370791124e-01
-3.770092324198635492e+00
8.560560218852243608e+00
4.864436428921065314e+00
2.478445224702385374e+00
-6.476001917738118507e+00
-1.742141570407459206e+00
9.737092578629853890e+00
-5.921986486392404325e-01
1.922888888353252002e+00
-2.463757716704145562e+00
1.087712969310565825e+00
-3.373023411783393044e+00
-2.630093049592300503e+00
-6.511198165615073918e+00
-6.654728163755585513e-01
7.875066322123969176e-01
-2.375470992309987039e+00
3.250678070298441469e+00
-1.722238295304070910e+00
6.372232067879369036e-03
-2.071708824559480355e+00
5.746631948209218743e-02
-1.818040942320606201e-01
-3.443791212591253537e+00
1.069727643305785669e+01
-1.664221166650455608e+00
2.655536652252827423e+00
-8.630082391033222500e-02
-2.628915630887830535e+00
-6.534988003561345238e+00
1.331670386747828561e-01
-6.942766137333649112e-01
6.383290305746658788e+00
-7.267391823818242003e+00
-1.759501721388690543e+00
-3.915747219344351215e+00
6.160058179447545079e+00
1.244716204106516066e+00
-2.120407406313075782e+00
-6.364828330621945973e+00
1.549169972978464427e-01
-4.669810468539584036e+00
9.756842375772716736e+00
-2.601069659202274398e+00
1.146074921133670710e-01
-1.351161955685102223e+00
5.641243703787336194e+00
3.657065511108101408e+00
-1.162403984362980758e+00
4.702728721073187401e+00
3.988718546706360168e+00
3.816808565316795465e-01
1.645522109793752019e+00
9.234832961478136593e-01
-5.590846222472938720e+00
2.946228760340718011e+00
-1.722128324584631276e+00
5.759924229062438172e+00
