-6.527133219785190121e+00
-2.973291574013515959e+00
1.636700206047370543e+00
-9.250082783119765395e+00
3.106458815441618171e+00
8.560090814310916230e+00
-1.501761030583861345e+00
-6.741836242461861639e-01
-1.246755537143227954e+00
6.956829897714733590e-01
-2.961606340940517335e+00
-4.063044768483466740e+00
-5.961875644704758281e-01
-8.732267721477571243e-01
4.833914407730895979e-01
-6.730332492973733594e+00
-9.083281700615840393e+00
-3.320058644852301732e+00
-2.008852591613862426e+00
-2.737193779228078050e+00
4.415713924860002138e+00
4.806145344266539610e+00
-4.676369880790052669e+00
1.371430671141578461e+00
-5.973224631254410166e-01
4.106404708120468428e+00
-3.082923682355623640e+00
7.944574103018577915e-01
-7.483998451692876586e+00
5.589561080471182608e-01
1.823315797954552053e+01
8.205761099683373416e+00
3.844221315365624392e+00
-3.112926424128843017e+00
-5.000947289511235461e+00
1.433735955673832496e+00
5.925549752271411563e+00
1.244357956180762059e+00
6.530576318314583739e-01
6.313919274438991591e-01
-3.039612421373917517e+00
2.081534331313537045e+00
-1.031858064886263249e-01
-5.213019352223239089e+00
6.426344340257788001e-01
2.347211474165744605e+00
-9.064240552253948202e-01
3.518607583095762159e+00
-5.891473299409196507e+00
-3.736583657965732996e+00
-7.122362978252898102e+00
5.183209276020699363e-01
1.621175640491788306e+00
-1.939251049260869664e+00
-3.011978823433931751e+00
2.959394046461529371e+00
-8.995687271841394050e+00
1.893751129692148760e+00
2.289111614444819587e+00
-4.919141830164435181e-01
-4.005118094132093631e+00
3.759981524338156245e+00
7.132083704726989382e+00
-1.072395390713814928e-01
4.592572392067264531e+00
-5.802059781089154100e+00
1.776362438937850285e+00
1.207488407154416743e+00
-3.821373867856020290e+00
6.211568225552945854e-01
1.951386213972667649e+00
2.052786279211358700e+00
1.327934015611063501e+00
2.898693770059065145e+00
6.891209057356370016e-01
2.131995271357514654e-01
3.466661914157479263e+00
-7.155646204438591340e+00
-2.550303477773838701e+00
1.063231103824966883e+00
1.611127119349469616e+00
1.804357786543965725e+00
1.061797449667457816e+00
1.656754388022011248e+00
-2.148822403045681506e-01
3.009557958280549839e-01
-1.676213458928626387e+00
1.122504808490011818e+01
1.462120329763946014e+00
-1.406118468694230295e+00
4.172401455979891871e+00
-1.330162419487971981e+00
-3.981699529067670440e-01
-4.721858974095467509e+00
-3.080264241202668174e+00
-6.217754881401996947e+00
3.930695713526678459e-01
-2.363973443591199874e+00
3.719273878321398108e+00
-1.875716557196198897e+00
1.230682079441745636e+01
-1.517047610377202371e+00
-2.462274020571951993e+00
1.245998703634065663e+01
-7.970037362207074594e+00
2.784770607452352387e+00
2.050812190427258042e+00
-5.787170823218418469e+00
-1.031886198099912200e+01
-7.763839291908905538e-02
-4.660409736684519189e+00
-6.375424409345983534e+00
-2.318462473532667101e+00
-4.841789214757105775e+00
7.775590025955467777e-01
-2.230906117641103137e+00
-2.599440949662474853e+00
6.703697818057505198e-02
-3.500853667965374338e+00
-5.589657209938643234e+00
-1.094759822248429770e-01
9.208531155952639491e-01
-1.096390270115785981e+01
-2.671066081696796601e+00
1.864555911568377133e-01
1.020476498158910506e+00
-4.945933393795982624e+00
-1.291486360186725246e+00
-3.971110254675711548e+00
-2.452727325275426917e+00
-8.404822051026224372e+00
7.251649792169321262e-01
-1.900974076862369244e-01
6.272383505633579937e+00
-7.308699743854014663e-01
-8.004933288804298996e+00
-5.074947984007223134e-01
6.649018747825195419e+00
-2.752916406408076444e+00
-8.388794262674656110e+00
2.207939930299402942e+00
-1.367126641858175562e+00
-6.172748432160712895e-01
-2.748457311197148312e-01
-1.194579949156465037e+00
3.796923382939566771e+00
-4.048574946945203146e-01
7.029287609687616012e+00
5.370683777882252485e+00
-1.196050731600975636e+00
1.597038177868600917e+00
-8.664029423772728222e+00
8.974372652525478555e-01
1.508218025318860400e+00
5.529908847667413418e+00
-4.451315661753778574e-01
1.158471657681877653e-01
-3.213235896193538110e-01
-3.255627102999842371e-01
1.597927803834088001e-01
2.902517463992005275e+00
-5.097052678203516152e+00
1.204243550438281218e+01
-1.479380763103519847e+00
5.700804921059503538e-01
-3.326268191228478166e+00
4.321370820726382345e-01
-4.111440417305742834e+00
-2.632055665186588289e+00
-4.057032375542696911e+00
-1.842088093554125727e+00
1.190835628118415812e+00
-2.824336529459695377e+00
-4.516739903246488552e+00
-4.260391641735611579e+00
2.026611820825107824e+00
3.921192934754929471e+00
-1.226334157121318214e+00
8.885013597022227705e-01
-5.185220798657493191e+00
-1.422988844010906195e-01
-1.160112516999260768e+00
3.143158379154088689e+00
5.339060269465334407e+00
-1.018833621583389526e+00
-1.753101920073248277e+00
-4.284486389438265874e+00
-2.284976141459250432e+00
-1.024747565748876654e-01
-1.418295439265579549e+00
-2.954451763047717616e+00
-1.029261853560776485e+00
1.810480371521764553e+00
-5.376657907638613842e+00
-5.600533180346374706e+00
1.981097279575478431e+00
1.803797936504100585e+00
-2.901675908931961256e+00
-2.484712493645016562e-01
-2.447183575050091875e+00
2.589820878932233228e+00
4.951580248120962535e-01
-1.920801261944379501e+00
3.950831928879209087e+00
-9.418180968752676296e-01
1.999957200279584901e+00
-3.867796920615957923e+00
-3.230928135666454093e+00
-4.110512071479489604e-01
-3.188793497230951068e+00
-5.160931499978081760e+00
-1.828309315311765770e+00
-6.054079009602639783e-01
2.589875704785995048e+00
-3.208518040048911502e+00
-4.462996618325089315e+00
3.055479963570439939e+00
5.440518852248303894e-01
-1.208216706338273716e-01
2.025848315155669432e+00
-2.607937071785257910e-01
-4.225145721038833457e+00
-5.327607623261975789e+00
5.588840375450931042e+00
-7.457918793539506375e-01
-1.739855490547394523e-01
2.962802402841912652e+00
9.801504296891633272e-02
9.598145921326857177e+00
2.137602366832708878e+00
-3.969606462846820616e+00
-6.157560669292474476e-01
4.429451266981573099e+00
5.860490003949706761e+00
3.181482824055043679e+00
-1.811972531602135117e+00
-5.208996221245004499e+00
-4.139183248636012280e+00
6.816242929519612526e-01
4.183350937620406995e-01
-2.613067668349200900e+00
1.446961505478485233e+00
-6.431960265098441987e+00
-4.545348952710356549e+00
-8.429707952949907490e-01
3.820196664783030993e-01
-2.897066912378504000e+00
1.826189027300363366e+00
5.708774521949807612e-01
-4.808600923554214868e-01
4.317621000619046079e+00
5.021576428626481459e+00
-5.164725690420134185e+00
3.744865792939474414e+00
-6.507278723498191031e-01
1.158051589500494583e+00
2.876629608027986285e-01
2.246988173263321009e+00
-4.265507377391831945e+00
1.024909412462193359e+00
-4.568282584918702538e-01
-5.743039545126501721e+00
-1.048123491146954800e+00
7.168820582260616803e+00
3.375466478872206189e+00
