-1.405563178969116578e+01
-2.676377451259106088e+00
-1.426190959545955828e+01
2.663734617044371533e-01
-1.282685219607868632e+00
-1.698959018652168362e+00
3.939851596165877545e+00
6.751327079804536169e+00
-5.696491296530347803e+00
-5.600475424419533166e-01
3.117949285120062530e+00
-1.723763625107650199e+01
-1.487978173506086410e+00
2.332006535983464524e+00
1.668697691766211744e+00
-2.526339816496784851e-01
-6.021496777798248878e+00
-1.182865900404838300e+00
2.079034451733976774e-01
-1.861916192670442394e+00
-1.186369250050882451e+00
7.903118846411363307e-01
-1.053998265104253207e+00
7.308409161818443245e-01
1.515455339321188255e+00
-1.541948080005624000e+01
1.775634016269965199e-01
-4.155181008260597775e-01
-6.808741050722698418e+00
1.918506886637086239e+00
-1.710632369833805733e+00
4.772333496533183173e-01
8.765193609838682676e+00
-9.299182745746312762e-01
-8.861548930681173442e-01
-2.945948100753910559e+00
2.893779956347302118e-01
4.866586348435439358e-01
-5.463361862858453488e-01
-9.372955294352923516e+00
3.406863272911214935e+00
4.017143524539590338e-02
7.691367346436835950e-01
-7.379280792201520001e+00
1.854829201874017008e-01
7.337437646220773546e-02
-4.305302698066717365e-02
-1.858970897549537260e-01
-2.185672378314189590e+00
-6.070910301456812874e+00
-3.177164423023885576e+00
2.010630669642472768e+01
6.264556410962017097e+00
-5.917403973980513321e+00
3.294592572440792622e-01
-4.731788045942664667e+00
1.250502797834003532e+00
-1.533600399596815711e+00
6.320782949908825277e-01
6.206878937564496823e+00
-1.426329758509859991e+00
5.606763274660321983e+00
-2.905456198528199585e-01
-3.343923025176792629e-01
-6.841139653843291146e-01
2.116011850431486430e+00
4.868590267569607999e-01
-6.248093647554351371e-01
-8.809899939065839458e-01
5.666549658418398749e+00
8.904738215727768136e+00
3.033780910679256149e+00
2.962651639688184124e-01
2.258815288935596755e+01
-3.992881508036233651e+00
-2.033856040564298695e+00
-1.608341584333189633e+00
-3.218826759283906491e-01
-2.835351177838570713e+00
3.916244024172810256e+00
-2.631834873518994478e-01
8.082236731005746577e+00
-1.084673701637096954e+01
4.641261805409548025e+00
4.130749069257730888e+00
1.164423446183476596e+00
-1.255804756512157283e+00
8.794365269189681200e-01
3.503228803164368799e-01
-2.826855455849994314e+00
-3.133883224140176615e+00
5.369836406284493879e-01
-9.821280621723975202e+00
6.447842777505170986e+00
3.834190476434535366e+00
8.481236355635447810e-02
3.477956734021506069e+00
1.371582796071153298e+00
3.771703106587762644e-01
1.106384845189337440e+00
1.559309498189281218e+00
-4.764274226674102941e+00
-3.428029265468475195e-01
4.995404900338822757e-02
-1.048916699146668519e+00
-2.739519526524993309e-01
6.384717509143649217e+00
3.951279464680157449e+00
9.070325755370260978e+00
-2.473363634176119763e-01
1.632974508720073770e+00
1.318180834871059748e+00
9.049702000281618641e-01
-1.061137991052807594e+00
-1.665474678618431525e+01
1.584430217775233851e+00
4.872754955841494429e+00
6.258664039873698570e+00
1.711732687605010961e+00
7.274316991354126127e-01
-8.628108794536117898e+00
6.115967946221358531e+00
4.036041736531472246e+00
-1.565427221778137534e+00
1.798631950511053956e+00
-1.772767370862880221e-01
7.448995122690951209e-01
-3.096159732051307678e+00
7.310249281491436601e-01
-5.463951185624705609e+00
-2.531641774773270459e+00
-6.369242203660199664e+00
8.392520315668830500e-02
5.871287067400991155e+00
-1.019867756551581905e+01
-5.699284286199444161e-01
-9.793743917925631592e+00
-5.468700263193265521e+00
-2.213672083693005166e-01
1.725403149078174048e+00
-8.483729521630121173e-01
-2.632546400472776771e+00
-8.660964170395647699e+00
1.164961220138525988e+01
3.657988204364707729e-01
1.399791028806446791e+00
4.134111524043652786e+00
-4.581052519587296423e-01
-8.008813347182885956e-01
-8.713653606014460928e-01
-6.790805917847929640e-01
-5.278792541571630359e+00
1.111751671173573541e+00
1.020277068569087842e+00
-3.631317028044581896e+00
-1.748076001172386373e+00
3.059682023386291472e-01
-2.423901054303917668e+00
1.014855240452766649e+00
9.680964595593735678e-02
5.435695950925425457e+00
2.735229178757021540e+00
-1.593716557817787205e+00
8.997536283537664659e+00
2.949422653626054824e-02
-8.775228776894076432e+00
6.668512664686259583e+00
1.966855804196038671e+00
-8.398953433248705913e-01
-1.265940751984765811e+01
3.081408175406814109e+00
1.313058540932712792e-01
-4.815777406827487006e+00
4.429666689999007811e-01
2.068614839442848741e+00
-2.651210744538285091e+00
4.081703685147410887e-01
-1.924627877321460456e+00
1.065193082413365033e+01
6.519794895996000150e+00
-1.924527557785591508e-02
3.373762379905072883e+00
-1.668880725677226673e+00
3.349802749995357321e+00
-4.249852589940715575e+00
1.836196489928964448e+00
-7.986932182083220866e+00
-1.337471681387071010e-01
-4.536019276399405054e-01
-1.783921898600418610e+00
-2.276666880231386636e-01
-7.688952928900547157e+00
-8.170928042784816880e-02
-7.342127615183033917e+00
-1.369911244391987637e+00
-1.203819789006006946e+00
-1.194281637311914501e+00
3.135098834521020672e-01
7.038815215119997859e-01
-2.632535739520903029e+00
6.003482895906032013e+00
3.520163571283645432e+00
-7.788500395999783388e-01
-3.239115727151478996e+00
-7.831271165205945906e+00
-4.257703598568168823e-01
5.723441086704831982e+00
-3.038616917063530209e+00
-1.007188431708475385e+00
1.921697465517876735e-01
3.576411666265900902e+00
5.846338985167907509e+00
-3.069702027797249322e+00
1.010181817888338607e+00
1.479857501364202577e+00
-9.987868789790098845e+00
-5.950080187574395829e+00
-1.288922863497699023e-01
3.734258274668572852e+00
-9.985850842475514355e+00
-4.134436253879975709e+00
1.878683391588024332e+00
-2.441864623241776666e+00
4.086165562216323988e-01
-5.315325809815746538e+00
8.045539975780661157e-01
-1.897470357497373783e+01
2.448024320987095326e+00
6.017614815512181137e-01
-2.339496544275644574e+00
-1.058280338791402347e-01
8.158342026970075711e-01
-8.286384042452208387e-01
-5.090051625287493664e+00
-7.041447553930062497e-01
-9.399313759370052423e+00
6.191917308262599562e+00
-2.339985244275379905e+00
-1.204336264812337465e+00
-1.079054389640119016e+00
-8.091356692740367951e-01
-7.206491794795752526e+00
-4.900912408207633852e-01
-8.917800235226843952e+00
-2.665797101479675302e+00
-4.034066623024886056e+00
-2.217838181670249154e-01
-4.708127588850079093e+00
6.843710311105299482e+00
5.588168125523329977e+00
-2.812946215286512786e+00
-1.856136553934085165e-01
4.605811129720450481e+00
2.009920258187464004e+00
9.760610968312857239e-01
2.508553402555550260e+00
-1.490571275511747729e+00
3.525019135607698195e-01
4.460061514617196465e+00
1.371756623749460058e+00
1.342509961771314320e+00
-1.438787613545893862e+01
-2.307259958048463844e+00
-1.187965055895339045e-01
-1.199401872133202707e+00
