3.506811851480608144e+00
1.074487794121918860e+00
-4.608785237870980378e-01
1.055689572549161426e+01
-5.659368324308118758e+00
-1.630076649524755839e+00
6.459238140174934362e-01
3.944375285406453102e+00
-7.223214184953148376e-01
-4.891046162479438131e+00
3.505282086288863397e+00
4.273366232700374745e+00
3.615160973372185116e-01
3.854863222790343880e+00
5.158999980789406692e+00
-2.515231737928661282e+00
-1.209314979506194820e+00
6.259648972873274042e-01
-1.278885188253985117e+00
-2.598670891991366805e+00
-1.948763693822752385e+00
2.897350062989334507e+00
1.891250036855463224e+00
-6.279495469864401436e+00
-2.999482654087264777e+00
1.380511683159247660e+00
2.117507377610583053e+00
8.658671129736930538e+00
2.105191967983019108e+00
-3.678700321658987527e+00
1.160515294406534004e+01
-4.476902451611307399e+00
-2.196343458831147011e+00
2.576367153704592461e+00
-6.911429037228003835e+00
7.679363798973896094e-01
8.791117017738088180e-01
4.328446583813867932e+00
1.521278440514483243e+00
1.109233116394875873e+00
7.086832945002615070e+00
-5.369225315451124914e+00
-7.094750079713390889e+00
2.890671992113585276e+00
5.440683704151987321e-01
-2.659188871752069971e+00
-8.934869913614338799e+00
6.327336799513842536e+00
-5.028005754113364034e+00
2.080486079328396798e+00
-1.073916717173901469e+00
-1.588572801584920757e+00
1.256308118989788447e+00
-4.222883147729284303e+00
2.111330197707629974e+00
-2.421060965876229432e+00
-5.277273292041253505e-01
1.819301724274087206e-01
5.657657603466084595e+00
-6.423798372400928436e+00
3.555785165238415146e+00
-2.523217344411366470e-01
1.559104161112127573e-01
1.139487747390400507e+01
4.086089544155607101e+00
-6.052037541459349690e+00
-8.933539426593608113e+00
4.424771146744190808e+00
-2.262286711570145603e-01
-7.069586253880513205e-01
-2.983870539181846748e+00
-4.817484238991307510e-01
1.777512879492394005e+00
-4.879736150048597842e+00
4.528930472333125401e+00
-1.201230234255824092e+00
-9.620536856380251578e+00
1.891106775260663841e+00
-1.820918271710389558e+00
1.966746939987616516e+00
4.656531352313131311e-01
-1.789421061052120976e+01
4.943999468353593718e-01
2.771028209773553908e+00
6.933146556039398334e+00
3.391089160126257163e+00
-7.469032191402812382e-01
-6.939535437519873007e+00
7.632210766786768907e+00
1.444240792024853892e+00
2.059161906796610708e+00
-1.403445489726566908e-01
2.535568710555028554e-02
3.447857095237401914e+00
-9.512837789010080147e-01
3.022272538468106506e-01
-9.711013560167110370e+00
2.926222753959741407e+00
4.047741637743338949e-01
8.532125562285015619e-01
1.906714601908424456e+00
-1.468035808488551974e-01
5.054127583263041679e-01
3.982988323399610842e+00
5.228216375334084898e-01
2.589017461210285642e+00
-5.971964811495444891e-01
-2.685128062023384832e+00
-2.272128561822348569e+00
-6.405772989408474061e+00
-1.251883958518291706e+01
-3.644772366632521021e-01
6.314480224571769718e+00
5.070432130828681494e-01
-2.224997661300808449e+00
-1.177034533890299661e+00
-3.354828364058250578e+00
3.101671802422366397e+00
-1.076460291560555405e+01
-3.053173159824381866e+00
-7.296737502728209979e-01
-1.004747648420126094e+00
-5.197152915887244262e-01
-1.061943682515715892e+01
5.511553170957161907e-01
-3.296574038196202316e+00
1.791121435894874048e-01
2.561329703432987159e+00
-8.196412084397135256e-03
9.295575991915557168e+00
-6.998588914245683412e+00
-1.113129381812832275e+00
-1.142264478598576538e+01
5.431297388471596932e+00
-1.092032301787778437e+01
5.238557783884291830e+00
2.838335274085742044e-01
-4.804966682903142328e-01
-1.340202649430293436e+00
-6.514516660687676985e-01
1.154564376947556070e+01
5.867485369584491295e+00
-2.069512498791357125e+00
3.298200632821521872e+00
6.825848969611013617e-01
2.751924543549982838e-01
-1.025536549903883321e+00
-1.646391780359436297e+01
-1.455552119555080903e+00
1.179125789024284554e+00
4.786584144400084284e+00
-3.245403922915344630e+00
3.844925809351107837e+00
-2.851638429068127367e-01
-5.779573389758439816e+00
-1.907205684009263269e+00
1.443709579746815796e+00
7.169072575928803204e+00
-1.752267715451611529e+00
2.576223428527150805e+00
1.509018696910370272e-01
-1.816440739535848115e-01
-2.738218059240555835e-01
-8.880618230141454905e-01
7.237915983022206179e-01
5.072818004067137565e+00
-5.674575863048343383e-01
2.866579920559336081e+00
-9.642133656205202907e-01
-3.386473804953853417e+00
-1.747482608802404247e+00
3.418225922903270209e-02
4.039222196362082684e+00
2.943950164283860027e-01
-1.762558401146171017e+00
1.207394619688132664e+00
4.737872114639041232e-01
-3.644611160353178114e+00
-6.744375045237919863e+00
-1.478633567245428937e+00
9.925661250427895155e-01
-1.692703258356610396e+00
-6.170554731929911441e+00
-3.002845189759302258e+00
-6.377354907587033939e-01
2.875371275755694178e+00
9.075329169277539521e+00
9.856690601892960757e+00
7.328722026320067862e+00
3.247383227140924200e-01
8.489461606741064426e-01
6.043202936852942742e-02
3.688475999776327230e-01
1.713493627037769862e+00
8.528697546146308817e-01
1.747721034376679139e-01
-3.863530446409781494e+00
-1.316189839338139711e+00
-2.213067276404281003e+01
-9.933349344153306504e+00
-1.376903672329499839e+00
4.905894620413691953e+00
2.629569557138529579e+00
-6.435796199263704054e+00
-7.360858350476283007e+00
-2.035937877910778848e+00
1.619870923019087527e+00
6.278209962562975477e+00
-2.627102277643089678e+00
1.309569987161954430e+01
-2.808925183825882188e-01
-1.230010957192528176e+00
-9.657899374920823732e+00
-2.526689472668040892e+00
1.642764872984948110e-01
3.139000319655156801e+00
9.003458891763724381e+00
2.369615738224247203e-01
7.257041383047325489e+00
1.579172495175371338e-01
6.080003380997780482e-01
1.255117568057029509e-01
-1.689029372915643368e+00
7.235357483676264634e-01
8.745730046436026583e+00
-4.234374144234712922e+00
-1.498744468355358705e+01
-4.062381050841391783e+00
-4.121956428159560204e+00
-5.641741594818241445e-01
-1.351766952256179266e+01
2.678127742665120881e+00
7.185309848180748915e+00
6.648228537714448994e-01
-7.106272734265881574e+00
1.366013646982848995e+00
-3.527331048740405706e+00
5.333947968682144491e-01
4.370498499217100985e+00
1.647678952055800838e+00
-1.641282768712041928e+00
7.809750055877924257e-01
-1.303620079543344090e+01
1.220490732192191707e+01
2.025340215462428262e+00
-4.126868983539787372e+00
2.102525322935734631e-01
-8.420941060879183482e-01
1.921332669683156080e+00
-3.289894815880630929e+00
9.110562792666015985e-01
2.434397813313666337e+00
-7.379916953798934642e+00
3.899750814827325662e+00
1.477918766808586915e+00
4.927012491363869096e-01
7.962951080343140475e+00
-5.789701087971564242e+00
4.691831983060654743e+00
1.870763871078062968e+00
-6.736577355682403123e+00
3.266841748029395420e-01
-2.914673326699779743e+00
4.107391235161550469e+00
1.097592827803836713e+01
