-4.733827258480342692e+00
-3.479952072133108754e+00
2.800932450688027764e+00
-7.986686019954618576e-01
8.404113247334036529e+00
-1.335864104441424338e+00
5.449347870962840901e+00
-3.983867980668073017e+00
-1.709981891712442525e+00
-3.458540409989310227e+00
-1.168210427297048826e+00
2.678131814607298988e+00
2.942944928360324841e-01
3.071707374015487879e+00
-1.606741742569525178e-01
1.690912509183140344e-01
1.742030897478561879e+00
-2.794237448776542010e-01
1.992234479137181324e+00
2.632350228341245213e+00
2.975519256772595877e+00
1.640866021525854812e+00
-6.751211429919267815e+00
5.933068571562369442e+00
3.029618545766049387e+00
1.611244755387639394e-01
-3.551014815132942815e+00
-4.663787777969018444e-01
-1.085349584024010738e+01
1.286503829926520126e+00
-7.073330460735705927e+00
-8.185305762015305575e+00
2.228059054960041863e+00
1.880714278818778062e+00
-4.357349450725340745e+00
6.700562303152686638e+00
2.103270718146766693e+00
-1.714592678972958473e-01
2.669474920146703845e-01
2.931799480290425142e-01
4.855968283134287633e-01
-2.934756971584821184e+00
1.361214248162545992e+00
5.738275583404662816e-01
-6.489995475634249722e+00
-3.223893415310002730e+00
3.844489258340061166e+00
4.466847652859429196e-01
-1.966335482399354795e-01
6.679392270169121071e-01
-1.415574191235082102e+00
3.337019469430380969e+00
8.352181586736325158e+00
8.116248926461073765e-01
-9.502928677974200156e+00
3.724067293801384682e-01
2.963686519002708963e-01
2.499739470722198431e-01
7.484619664393552085e+00
3.980093886077544774e-01
-3.293647428948105027e+00
-6.490001083376045088e+00
4.670908853562684371e+00
4.795465819684689102e+00
8.967649138824201893e-01
1.072641774575055607e+01
-5.887589879691273786e+00
-5.396896581583879304e-02
-1.051111248976101420e+00
4.124309316965776850e-01
-2.258004123114586703e-01
-2.883118688913170580e+00
5.812606479211708255e-01
-5.164764215153819116e+00
-2.680377740209586857e-01
-3.262287682676312528e+00
-4.585323411031176910e+00
-2.753276058514960489e+00
3.514362880817877066e+00
2.908074516630601014e+00
-9.112916706708091397e+00
2.476178796439700847e-01
9.992078300646666023e+00
-3.183305351732085287e-01
2.532866744113710933e+00
-6.854078637849956301e+00
-1.072522414883558817e+00
1.473926589450353397e+01
7.028649036406855899e+00
-2.766211538823432625e-01
-1.314616136881821273e-01
-2.968822364758656018e+00
-7.632941568248139852e+00
6.990346511094264415e+00
-1.385932025219103414e+00
-1.344892640542541429e+01
-1.719990021674510927e-01
-1.593894280407363029e+00
6.459949140499158249e-01
3.989072634033262732e-01
-1.424714809892047462e+00
3.113458308988314993e+00
1.695346265483959058e+00
-7.064929629560311453e-01
-4.177509508787169423e+00
5.914996240279475626e-02
-6.178187933621368089e+00
-2.381131172502950755e-01
-5.346108291132114942e+00
1.591645307800574560e+00
3.806421457774959105e+00
-5.438141060514341873e+00
3.352987683810733088e+00
3.450644062197032902e+00
-3.345537933226924721e-01
2.413577027661120145e+00
1.009772523198366967e+00
-3.720294703078745435e+00
-5.441996323179221662e+00
1.871113526585683751e+00
2.657689009286566151e+00
5.757585728466714237e+00
-6.913576504410558599e+00
-3.269216469348997789e-01
-1.645809630348297414e+00
1.009218194168449934e+00
7.752069437113050521e-01
-1.812045153797176411e+01
-2.020757484101565638e+00
-3.811543702329565519e+00
5.428878495364012124e+00
3.101598644684393058e+00
-2.520357022549631232e+00
1.085906501513695943e+00
1.730117824776983282e+00
3.858148721295600048e-01
4.618512240087154552e+00
2.181080559819210229e+00
2.747669863137498503e+00
4.930096430157989040e+00
8.360370074408220997e-01
2.038714803170625367e-01
1.054435554721356105e+01
-1.449145354410519559e-01
-3.629198250345473387e+00
-7.273774745513270634e-01
-8.609063380529470066e+00
-2.954728691873957036e+00
-1.665765281080562987e+00
2.502891821375819781e+00
-2.613770800347125611e+00
-2.341678038617557966e+00
-2.710206810581058168e+00
-1.718785964165773228e+00
-1.201492135397341343e+00
-4.873040666139379695e+00
-5.994054598948737045e-01
-7.242733288955371940e-01
-3.405962422605502304e+00
-2.630492325931786390e-01
1.823807907114478155e+00
-1.550829959348309695e+00
-9.101960153632560946e+00
7.901963418207056833e+00
3.599065990892224565e-01
-2.945728587084526229e+00
3.022305742414663765e-01
-1.823420532539388184e+00
7.760074746697922521e+00
7.844874970137528658e-01
-4.574989794425738054e+00
-1.444119878214432973e+01
-3.054070923333904175e-01
8.366798215541880523e+00
2.945551353594389798e+00
-2.423382399100072693e+00
7.069813743963052843e+00
-4.178084141095713022e+00
-2.425744216667128583e+00
-4.475284571816222079e-01
-2.129531844473306901e+00
-3.809651051659495913e+00
-1.539647358984123571e+01
-1.287695782619118878e+00
-4.222371047039603198e+00
1.289430308060976582e+00
-6.027249492583305113e+00
5.309703821549476288e-01
-2.746164423090953211e-01
-1.345577542431052764e+00
5.805970445540711289e+00
1.599467212689420048e+00
3.299204921297895776e-01
9.003321441975845829e+00
-1.853237731236101471e-02
4.996265552208437044e-01
3.312124132307046886e-03
1.424141316805067614e+00
1.708651590519260299e+00
8.875582242079051554e+00
-1.516250599352553241e+00
-5.891337731281880430e-01
-2.187482323497812686e+00
-8.588564739741587628e-01
-5.046863437220625581e-01
1.962724140621939783e+00
-1.268985283044068701e+01
-4.053846364075591735e-01
-1.403167009763173212e+01
-3.721706426780010624e+00
3.942066876162669264e-01
4.581439528770878233e+00
7.646937262026105575e-01
-4.429623868615846227e-01
1.363062105975326865e+01
-4.459011885025662814e+00
-1.020208256753609044e+00
-2.207322141316737429e+00
-4.019006351406935185e-01
-1.932379956383313557e-01
-7.161275272357743304e+00
6.536715613587887219e+00
-1.751360272061726420e+01
-2.929305948951278493e-01
3.562267585148292781e+00
-1.355832354710782006e-01
8.187063130734661964e-01
-1.514599144821521914e+00
-2.465501286358120492e+00
1.214236255520121155e+00
-6.140636314348727254e+00
-1.823107033113718245e+00
-6.345135080000834371e-01
-3.069025060064956012e+00
-2.057102687834316157e+00
-3.629848739550953329e+00
-1.233048339913735969e+00
3.020736929768573997e+00
6.095198269865120366e+00
-2.201653130781196843e+00
1.650292865107279905e+00
1.985448663114878221e+00
-7.505616151359546517e-01
-6.187430007746167610e-02
1.390976245931337729e+01
-2.138052715126245840e+00
9.277065426990607211e-01
1.170998814572226543e+00
2.452773588775932545e+00
7.080009965647873216e-01
3.739222541983041603e-01
-5.287595631760705572e+00
1.436425462017162591e+00
-3.795559717546263645e+00
-3.013542303215861917e+00
2.819339198050170303e+00
-6.311517064127205145e+00
-1.518826741759731114e+01
1.072391438750799120e+00
5.117762455415877376e+00
-3.074670153585034038e-01
7.312553748553374255e-01
-3.469818530150121205e+00
8.684062768024009671e+00
2.481356534234087086e-01
