3.007605313042021500e+00
-8.044190136759335474e-02
-6.489435216833328468e+00
-2.064374674844622337e-01
5.164396164215274698e-01
-4.023871412783398549e-01
-2.568850443204182543e+00
-4.825552528038757893e-01
5.426706642745102727e+00
-2.011522284274857686e+00
-2.283124915560131030e-01
1.381076309947678382e+00
3.967970018370392538e-01
3.827063764809028434e+00
4.996853653645500160e+00
3.499718197837699663e+00
-1.214878534304627555e+00
4.387568234869406725e-01
-1.436944576471241630e+00
5.354689588783902998e+00
4.682831605915834805e-01
-1.914434379282047072e+00
4.746014581850161562e+00
2.021934173648908484e+00
-1.077995114346226080e+00
-5.706926778896793451e+00
1.683941129850824447e+00
-2.021183570921219363e+00
-1.162560224285310806e+00
4.046658267100326611e+00
-2.252651633200313253e-01
1.445308861207241780e+00
4.334702190506249053e+00
-1.373171933764576913e+00
6.685718032091382268e-01
-1.626501587305259511e+00
-1.872927494836480911e+00
-1.112174421128329760e+00
-2.968457441853255219e+00
-4.356344890677699588e+00
-4.623505094194724663e+00
1.950918205079239798e-01
-1.212765361782213391e+00
-2.841388966084236856e+00
-5.214670148934368310e-01
-1.163839374000235338e+01
-4.508388275832352576e+00
-4.484250467695048314e+00
-2.473074579517027693e+00
-2.925480487225919024e+00
-7.526545668870624262e+00
-3.472643207971651158e+00
-1.198321490596577998e+00
4.158784638064049410e+00
1.360108046039373519e+00
6.658718552942318736e-01
-9.061058337452280398e+00
1.233115907624313223e+00
3.171041970021224898e+00
8.997274971130295729e-01
6.759679150695429017e-01
-3.862458473150497618e+00
7.592343400840008139e-01
-4.062620422759197325e+00
1.779077567846678143e+00
-3.944771690289010646e-01
9.878676551823599716e-01
-1.433729838744215357e+01
-1.976718117743955228e+00
-1.773824891060482134e+00
9.358111886684941538e+00
-3.303703992913110898e+00
7.533917845188874418e-01
-4.810767623943963400e+00
2.737078860014511505e+00
-4.190853097813989514e+00
-1.473257955582290446e+00
-2.340334849396898065e+00
1.596113394702889376e+00
7.335589083877300798e-01
-2.442371026577379034e+00
9.745738928755870445e-02
-5.099074706112020211e-02
-5.648826873060658116e+00
1.641026797623104327e+00
-1.663243561763717848e-01
3.950871752409905735e-01
4.143634504974089139e-02
1.638904499420650307e+00
7.370270399114460247e-01
6.168801091240156076e+00
-7.730577692543874058e-01
8.575915450746311564e+00
-2.624432064054416536e+00
-6.276189244985163285e+00
7.415088620512004791e-01
-4.214941725261931005e+00
1.363985036827687125e+00
-2.066149871794499937e+00
7.507968027965004509e+00
-3.451303271079240176e-01
2.443376342417994618e+00
7.731538851630631592e-01
-1.820976549928575439e-01
1.099279129777114283e+00
-1.499276784054377254e+00
1.729651422225304547e+00
-1.182450620195357960e+00
-4.367361930772665768e-01
-4.606868716674529518e-02
5.116716018346368244e+00
-6.188912667518301269e+00
5.608177417921243801e+00
-6.986763772523324478e-01
1.491316646340122565e-01
8.772306435610301989e+00
-1.259563733119244189e+00
-6.806860959282147405e+00
5.762448837441088934e+00
1.599631175786236170e+01
-6.521150242369573302e-01
-4.072541608728003304e+00
-3.123606719824981504e+00
-7.195371465667190769e+00
3.664809330925432374e+00
1.245527582895771257e+00
-1.408929563165187915e+01
7.618232735243713805e+00
-1.668084309522708697e+00
1.180151113226558302e+00
3.946514295622414181e+00
-7.570625382312343277e+00
-3.042664499993023686e+00
1.039514382448299745e+00
-7.887089490921660229e+00
7.885819160388637172e+00
4.420116041332121881e+00
1.053327926869809694e+00
1.442889473052459737e+00
4.166362623732062787e-01
-7.411692174214321582e+00
-1.628843023064142415e+00
-8.580133208212817886e-01
2.313789006105593238e+00
3.311054929585874884e+00
-3.515683654978775330e+00
6.383044130186024123e-01
1.973881080250093678e+00
-5.706431951256172752e+00
1.459405903717157393e+00
4.265518982959079608e+00
-3.489981560043634357e+00
-3.345292395508050909e+00
-5.067684760107165065e-01
3.945742684135501221e+00
-4.835503107780727561e+00
-2.135839855262209319e+00
-3.056873410828504500e+00
4.421572564426101692e+00
6.031933403947987299e-02
9.981754278112054735e+00
-3.454535911495145578e-02
-1.356891373744204266e-01
-1.477007060770285207e+00
2.109630594707749385e+00
-1.866251475464494325e-01
7.993388252556741236e+00
-3.043934749387240846e+00
-4.330752279507814606e+00
9.869690727639387262e+00
-1.047390941612012849e+00
5.405542735795267006e+00
-2.267416625732284086e+00
1.005095482871268375e+00
-4.007168098039004533e-01
6.790344631646891838e-01
-2.452405911398322758e+00
-8.355776220757025641e+00
-3.232798993647056474e+00
3.840287530767585000e+00
8.344033087287190398e+00
4.326485494156765199e+00
-5.309955059501099139e-01
3.694077753394243491e+00
9.294425778944098715e-01
1.019444555875024250e+01
2.798685598489672799e+00
8.792723364821189991e-01
-1.002073906637441336e+00
7.754111838859373051e+00
-1.874478431727167216e+00
3.260519557280931124e+00
-3.922456153737631013e+00
9.343133981971010193e-01
-5.474446937717202033e+00
-4.985687526159852112e+00
3.247385001124769133e+00
-4.230074123828583055e+00
1.496877216824577861e+00
-1.189184080435534163e+01
-2.503580142094883776e+00
3.899377146730594657e+00
1.590799500756967966e+00
-7.940972267438040078e-01
2.762357660495986078e+00
6.211263847613588851e+00
-1.346954066167898745e+01
8.474736693507630036e+00
-4.616911550649505647e-01
3.422864538176439098e+00
-9.503234725534909222e-01
-4.913743081791553280e+00
-4.593739105535126654e+00
1.882547488580742945e+00
-1.953598315398455409e-02
-1.107523733341698247e+01
2.448258363882714228e+00
7.411877595343559832e+00
1.490578944631249403e+00
-1.628425577318597939e-01
2.220288199935765761e+00
9.183513409986872489e+00
-4.187440188177307121e+00
-4.235266228542066691e-01
-3.064680337831597434e+00
-6.528542677996723720e-01
-4.558660183193287807e+00
2.729147200435461329e+00
-8.541301108596961456e-01
5.508102944923311206e+00
1.340825078977064266e-01
-5.889730003283519810e-01
3.939702342682457559e+00
-2.173993661161838453e+00
-9.448286246419279610e-01
-7.769036392261321478e-01
7.189405348028635734e-01
2.981452874748040383e-02
9.143157496542887230e+00
1.491346649119945189e+00
-3.181241088950530926e+00
-2.210612015847051914e+00
-2.311590958523054518e+00
-2.116185053665786409e-01
1.089329525856241609e+01
4.804535953165091078e-01
-7.073304131148301366e+00
-4.439486595209602982e+00
-6.438398584821738435e-01
1.320846017156808827e+01
-2.124060343249352112e-01
-5.900822264695957872e-03
-1.555804078908639987e+01
1.634563846884028893e+00
3.691763155450480394e+00
5.835334308833120431e+00
1.068995249338873244e+00
4.016758286173509052e-01
9.679530414758975354e+00
1.125223877117469939e+01
-3.544077005813806913e+00
2.437301371228340618e-01
6.271189606602886712e+00
-7.548404234935959245e-01
8.305321729426851096e-01
