6.000753437716211947e-01
1.382426830489925429e+00
6.596972764219247054e+00
4.575987308558945088e+00
2.724313305949124242e-01
6.013795666619437874e+00
-8.001224550829286741e+00
1.292559550982788963e+00
4.850187980539198307e+00
1.073358202611843915e+01
2.137210942757983734e+00
1.566545738219222647e-02
1.934784044571588937e-02
1.930786852912124152e+00
9.161344820917717291e-01
1.250547177422775880e+00
-6.910415424782976324e+00
1.945885912711371901e+00
4.015525244033253949e-01
3.480051963777557322e+00
-1.277546000719120123e+01
4.013813765632465724e-01
-2.897776026067337349e-02
1.650438979595058919e+00
1.384430290331104763e+00
5.350345827507577146e-02
6.230194009511880182e+00
-2.929723275755751755e-01
7.807955089676345217e+00
2.167572199814456813e+00
-2.449260716828679740e+00
6.675626059566792669e-01
-4.462507268658455928e+00
-1.095688741848519943e+00
1.512162097116194648e+00
-5.742472676769168949e+00
-6.629963696102517123e-02
-2.487963585405320366e+00
1.340499296270677432e+00
4.694891521345826435e-01
-2.038487858678340814e+00
3.758758388901104031e+00
7.477903311981920487e-01
-1.547933557555329354e-01
1.378347586276517101e+00
1.073730063852479155e+00
2.618585491251999464e+00
-2.596854315014696546e+00
-2.209517382812611785e+00
-5.441488825010402763e+00
1.750152179696014554e-01
7.801007938751225446e-01
7.997836289691932166e+00
-1.477858807557424825e+00
-2.685407721411185111e+00
4.687111473564302244e+00
-5.785099341893922720e+00
-1.597860593550926911e+00
8.985932657665979262e-01
5.103935309190524849e-01
-1.469850520516283954e+00
-8.765514714812680519e-02
-2.434442153464501324e+00
5.704956772714169233e-01
3.223415427869534278e-01
2.119140669715952274e+00
9.869370331124662776e-01
7.421145480380191728e+00
3.284959253790914246e+00
7.211378813649135466e+00
-2.029130432209588220e-01
-1.972403746716067996e+00
-1.583382018614939657e+00
2.707914797680206931e+00
-9.330411571509593660e-01
-3.488529139180751582e+00
-9.132403852697548174e-01
-9.157675302675073681e+00
5.006161179234215552e+00
1.199082353698524450e+00
7.928053428342198838e-01
-2.369460985158866606e+00
-2.410397794233472002e+00
3.382903652912142345e+00
-1.083790721434491289e+00
1.414052473410733368e+00
-1.554490816824639077e-01
1.996969066728752740e+00
-2.085493994744072488e+00
1.580872864469205386e+00
4.557543993936805649e+00
8.156733066478750516e+00
-4.374885474681827979e+00
-2.010910950679703291e+01
-3.476034738632646892e+00
-5.460544442607737636e-01
6.133666107846420523e-01
8.704283126684773109e-01
-2.130607596854541819e-01
-2.733539522865504168e+00
-2.427338922963409473e+00
1.279965059131826521e+01
-1.600121299073268233e+01
1.946173085581048845e-01
-9.984607178967637164e-01
1.713162983361604885e+00
-9.825576979319179394e-01
-1.209608041253109612e+00
-2.359626965718353564e-01
-1.754120437292628676e+00
-3.733631044503326057e-01
8.582837210274090189e-01
-1.465835866719977787e+00
1.032473193965129932e+00
2.026657462865391057e-01
-1.596202415296688493e+00
-1.261048654500414035e+00
1.751661140481770129e+00
-1.962075280439378622e+00
3.335805260722747079e+00
-5.511893751545294151e+00
-1.026901819251320847e+00
4.320137825959236011e+00
-1.975190148462043105e+00
2.051431273763716145e+00
-9.367376942017519026e-01
2.514030571942998393e-01
-5.971458336051220783e-01
8.877409380783172210e+00
2.324554216692607866e+00
1.595602814281499082e+00
-3.595925989392832367e+00
1.140162814687191783e+01
-1.430377903243799653e-01
6.439555198669554281e-01
1.371457837621727727e+01
-2.950379917934677354e-01
4.177698685172955173e+00
6.393733858469015985e+00
4.632367809307280648e-02
-2.862655781840990343e+00
1.077695280301502745e+00
-1.405651568033169374e-01
7.861427138107995205e+00
4.810740067977327117e-01
-5.330191035821516543e+00
-2.272793504618086047e+00
2.578296321854361750e+00
2.639306302265273629e+00
1.231346002299767317e+00
6.975986659508651710e-01
-3.853054160023783759e+00
1.382500780898014980e-01
-2.801053969692511192e+00
-2.921793639978163437e+00
-3.972346716730100091e+00
-1.776529889942832119e+00
-2.341525506102400733e+00
-8.626569044266267916e-01
3.701084270628769435e-01
-1.472277761498504489e+01
-7.036989979271895956e-02
-3.396863039248333438e-01
2.920576106730341515e+00
6.344059993199289593e+00
-3.257499119928543574e-01
-4.240244039868363402e+00
-3.544885834849815787e+00
5.275471583477482795e+00
3.957167723765226519e+00
1.950009275948353160e+00
6.689117755109638352e+00
-6.265453788189002893e+00
-5.376757141178829968e+00
8.755279453222140518e+00
-2.998717984097139938e-02
2.674590890466677973e+00
2.486847372876449747e+00
-2.437602549831456578e-01
6.133555563395397314e+00
1.144189142964106232e+00
-1.755549388859238003e-01
-1.817497851457795299e+00
-1.053497042190978394e+00
1.097219016660276480e+01
3.005393409358829704e+00
-6.785621706301175671e+00
7.407011971428158148e+00
4.284414523630534433e+00
-5.607577355981174350e+00
-8.799602681364792289e+00
-7.287569603799519236e+00
-3.105327397993550953e+00
-1.290612263124797598e+00
6.274130012312577165e+00
-5.913279769094140548e+00
5.121106091787797965e+00
-2.641085659232866423e+00
3.577781855810432621e+00
-5.151947100685868364e+00
-1.402065242944664547e+01
-1.195307243211449322e+00
5.860339353574041121e-01
-1.226671469861464026e+00
4.899960656329508391e-01
3.011485925210676484e+00
-5.291052529079316447e-01
2.176887415117248814e+00
-2.926631065259991948e-01
2.660506701284810482e+00
1.052789694656176334e+00
3.375144411659341870e+00
-1.588805182307010355e+01
1.026144657022068252e+00
1.362210216099549953e+00
-4.515650827624866914e-01
6.072566986640665077e-01
7.294362200646006267e-01
1.992668020864500011e+00
1.844641204397211853e-01
-4.975885575931606186e-01
6.613253856148226806e-01
-2.076360189845243731e+00
4.285486926461924639e+00
1.126847717197594179e+01
6.540673545113923071e-02
-1.202153734184181388e+01
8.708247916801132860e-01
1.939290927200022940e+00
1.486110807634110742e+00
-3.763355523913122225e-01
-8.432988559356836555e-01
5.685188340243335858e+00
2.501502897775901069e+00
-1.737216080264872398e+00
-5.028535890904433092e-01
2.997035211171197489e+01
5.366715868850721272e+00
1.176015938664022459e-01
-9.618999135883207430e+00
3.717165825489167075e-01
-5.226367019493004307e+00
-1.645312141600079547e+00
-1.323896534980674167e+00
-1.054047508504880160e+00
-2.287476825005483327e+00
3.455833079751561288e-01
-1.668489598667378115e-01
9.808509891462046104e-01
1.145187229484405478e+01
-2.992580837838176411e+00
-7.130971427173095734e+00
-2.590794516235495948e+00
1.183577419399278519e+00
1.152713459317521227e+00
-8.419650300135923970e+00
-2.026821284088833774e+00
-3.875318400794942053e-01
3.527888628417355843e+00
1.073033083449521641e+00
-2.021218753415077729e-01
1.522455004041640414e-01
3.005678968954106800e+00
2.605227664000922871e+00
-2.753423284736842835e-01
