9.900554726582510012e-01
-3.945448399088111735e+00
-3.005687038192384808e+00
-4.093831189941697701e+00
-5.631637166405988992e+00
-2.182402933224418806e+00
-5.384917458098394949e-01
-1.173164798983225232e+00
2.728588322232204710e+00
-9.963734818519267566e-01
6.947552473941319695e-01
-2.319141702632490087e+00
2.577123458903622044e+00
-4.979420668908768555e+00
3.899553808658432486e-01
1.823673718256081155e+00
9.641933408543741368e-01
-4.036251156681429642e-01
-1.497082781783858563e+00
3.543381975753775670e+00
2.690016847481142115e+00
-1.537909410482277917e+00
3.066185588213631963e+00
-1.032724336304441382e+00
5.783063438221777375e+00
1.777799223818759544e-01
9.973733645011140680e+00
-3.106579721728100374e+00
-1.270791972694342409e+00
6.699795264516849258e+00
9.750052665228472470e-01
3.611345313228237153e+00
-1.183351078997611383e+00
5.209422750239109945e+00
-2.663294395627190170e+00
2.246123161255227263e+00
-2.515677743338730288e+00
-4.073670788641373108e-01
-3.289738419601247799e+00
-6.307979254190714258e+00
-3.119354158737039029e+00
-2.324015108034184429e+00
8.054618758992811989e-01
8.608268921737249890e-01
1.050422327468052419e+00
-1.808168286473288422e+00
-1.059852619850038558e+01
-1.186052471529067009e+00
-6.199574249675304571e+00
-9.217912214792594039e-01
-1.055302001195768780e+00
-1.582760188084626485e-01
-1.106742594117995582e+00
-3.578047373871023673e+00
-6.190496525539206374e+00
1.113364415682234654e+00
4.912318023041132520e+00
-1.454608754778429969e+01
3.123195038641347843e+00
1.661463989393601848e+00
-1.189434394782159510e+00
3.403804580341642350e+00
-1.460699068631247988e+00
-5.590725710866786713e+00
4.119636107212634735e-01
-1.873949303449939485e+00
6.766360670735483751e+00
-3.098215009111278562e+00
1.404882722381526561e+00
-7.995073557021226129e-01
-2.322838485372930251e+00
-3.977276236698792822e+00
1.091288022593011497e+00
4.226373231202793512e-01
-7.401945233651395561e+00
-1.873732977004918032e+00
-7.912497337989092827e+00
-1.936209330123018324e+00
-1.985368000199659311e-01
-7.811491644673862478e-01
8.201659156278580554e+00
1.294287622552490635e+00
7.412269336051108271e-01
-2.790629876007513666e+00
1.861111461226631514e+00
-7.881989989849916833e-01
-3.715091604714792162e+00
6.751740700694284225e-01
1.150436167343597660e+00
1.417395457175639195e-01
1.895567153283303607e+00
9.981124336760389681e+00
-3.755268747795077466e-01
2.375221401653280662e+00
-1.150782102652245120e+00
-1.637289441400483048e+00
-6.525187709200854336e+00
3.387687359749557370e+00
2.758819336341665096e+00
7.871139148932527752e-01
-8.820166935908176242e+00
4.628038215059646632e+00
3.339181020442180348e+00
-2.786036310712219688e+00
-2.197482428079430505e+00
-2.201055868015688866e+00
5.948092541604676597e+00
-4.174136942691129448e+00
-9.242217994457015973e-01
2.935262943033467131e+00
1.290398972340193851e+01
-5.973236806855131142e+00
-1.005307803312426751e+00
2.767524613426767921e+00
-1.010151410525803595e+00
-4.529569441985034750e+00
-1.463740621862021918e+00
-1.668067587078715608e+00
-2.608527310014255196e+00
7.437721391333100840e-01
-2.216755122268688982e+00
-2.374497738545530368e+00
1.060312657103600564e+00
-4.361951276462377791e+00
-6.351101309418953900e-01
-7.944852739566031774e-01
5.160077275242961115e+00
5.704449107615351622e+00
2.296072878321917088e+00
1.836025240409604464e+00
1.311593242066048104e+00
-6.694801630759236843e+00
1.037330468226076219e+00
-3.535215902191259918e+00
-1.354394653459752407e+00
-1.970852886034216045e+00
-3.381705486022951845e+00
-8.441096722470921299e-02
-4.426204710051071523e+00
-4.832539691981102337e+00
-5.554817767489469205e+00
-1.381670015255409556e+00
-8.082787792781143565e+00
8.375376409994801818e+00
-3.423893263790817043e-01
1.354526699111622889e+01
6.030427212854194252e+00
2.558828907992112267e+00
1.793062760075608963e+01
-4.672802924364830801e+00
7.533735383968468646e+00
-1.033698880573362011e+01
-7.645191795924541900e-01
-3.483804909447057785e+00
-7.889553226718692081e+00
-7.890361272774722323e+00
-1.109517782729242619e+00
-8.994441853707338952e-01
-2.385337574844938135e+00
-4.526592874075700657e+00
2.109121024342292205e+00
5.910454302791125158e+00
3.420654771364236790e+00
-1.053166570562587889e+00
1.812149339737433706e+01
1.319133323337741892e+01
3.374884470938545045e-01
7.537537771159655620e+00
6.119352892668474819e-01
2.753395442308006480e+00
5.225684251044473427e+00
1.340501168827974210e+00
3.533163203555757526e-01
-2.857769773332014651e+00
-7.000638766774052169e-01
-3.810944235028286720e+00
-8.789971043559553721e+00
-4.675230223358287640e-01
6.623824963293456491e+00
-2.222660813563993365e+00
-1.456243243137178345e+00
8.988625579204272853e+00
-8.842980707131577134e+00
2.061468323315596429e-01
-6.889541403630722982e+00
4.795311768405606578e+00
7.806747956923920650e-02
-1.303671197029880213e+00
-2.137359938945915694e+00
-1.365715378253325785e+00
-3.050280430130692944e-01
-2.009406595583662636e-01
-3.999628823306604630e+00
-8.419406153888363775e+00
5.606341051981237555e+00
-2.881506403366334013e+00
8.242331735207024224e+00
4.196524585011905728e+00
4.584292225972788515e+00
-7.638427127170600350e+00
-6.803604181673122753e+00
4.608502539003286103e+00
-2.135761186362564734e-01
-8.875689676560720720e-01
7.523161249850382148e+00
7.900350207843430894e+00
3.054500450941535217e+00
1.237076476939511949e+00
3.406427730218628547e+00
-1.769105355278829950e-01
-2.707884230502008549e+00
-8.948332183491858771e+00
-3.338540899236540405e+00
5.294012567748046294e+00
3.022797994302083957e+00
1.606840989322360302e+00
1.063976085221480516e-01
-6.649157538054760508e+00
8.509314125872184942e-01
1.328743290013416345e-01
-1.559587213321090626e+00
5.141685290938772468e+00
7.523073342133351993e+00
7.637742244342124565e+00
-6.501673559655847257e-01
1.071115199791720052e+01
3.209261160949992586e+01
-2.974065243742257669e-02
6.973765969794208708e+00
-1.682052384225725117e+00
5.542047384314463088e+00
-1.207043352672335423e+00
1.426973696835947258e+01
6.191319997422134236e+00
-4.249783589292738029e+00
-6.545735126680083393e-01
-6.409030824698744411e+00
3.486272785054769230e+00
9.516221645179880895e-01
5.837669959221681637e+00
-2.228246573488686977e+01
1.967703577874634346e-01
-1.299339874700865760e+00
2.013637263420738677e+00
3.690464968999553896e+00
-2.231785376590956993e+00
1.273544807084072694e+01
2.519094393225383310e+00
-3.437877289909717859e+00
1.434232627796417248e+00
7.524945393967317209e-01
-8.726472112945554693e-01
1.758593365775507955e+00
7.572103892827937166e-01
6.147284662611549599e+00
-1.087281540461175533e+00
-1.030675442046075529e+00
5.797624309258755382e-01
-9.070529575349676188e-01
-3.318894828166070177e+00
6.881619396211774431e-01
-7.206656304621422038e+00
-3.130713460842228013e+00
3.844913870482389306e+00
2.262172862919395122e+00
