
0 92.04704 8.821373 26.980117
1 92.53704 11.366224 31.12375
2 92.53704 37.76932 39.038418
3 92.690612 41.770786 39.67602
4 92.690612 60.920162 32.950918
5 92.73194 73.826679 28.635823
6 93.336168 72.037888 29.887462
7 93.882006 76.250313 26.912488
8 93.676036 83.919635 15.103382
9 93.882006 83.054549 16.858147
10 93.888012 84.487309 16.25354
11 93.888012 86.889923 13.696011
12 93.894055 91.98777 5.129716
13 93.918596 92.690584 2.279567
14 93.924826 92.541184 3.458599
15 93.924826 92.691144 2.749329
16 93.918596 92.126034 4.633843
17 93.924826 91.524584 5.480292
18 93.924826 93.23292 1.711501
19 93.924826 92.429444 3.584303
20 93.924826 92.319265 3.209527
21 93.924826 91.734879 4.261981
22 93.924826 92.415237 2.873544
23 93.924826 93.020163 1.8883
24 93.924826 92.855445 2.970132
25 93.924826 93.26593 1.850829
26 93.924826 93.451204 1.349276
27 93.924826 93.552954 1.175533
28 93.924826 93.842765 0.559164
29 93.924826 93.844578 0.559786
30 93.924826 93.575016 1.188307
0 91.490612 7.849668 29.09428
1 93.002788 20.660165 38.573545
2 92.596054 36.732126 39.413557
3 91.924826 47.942643 39.462982
4 92.64704 61.692518 38.463113
5 93.396054 61.926478 36.415456
6 93.207043 66.893804 33.861323
7 92.937405 70.935475 29.446448
8 93.37505 68.234535 36.868623
9 93.37505 72.607925 34.678658
10 93.409567 77.204883 31.571421
11 93.409567 83.41564 21.822229
12 93.409567 90.343574 10.455075
13 93.409567 91.490969 2.44559
14 93.409567 92.432973 1.436917
15 93.409567 92.315767 1.592178
16 93.409567 92.371524 1.643027
17 93.409567 92.339955 2.081921
18 93.409567 92.733996 1.704507
19 93.409567 92.652661 1.873462
20 93.409567 92.924322 1.503144
21 93.409567 93.062507 1.327908
22 93.409567 92.947093 1.515886
23 93.409567 93.285203 0.783761
24 93.409567 93.395135 0.052606
25 93.409567 93.2955 0.783975
26 93.409567 93.347364 0.557686
27 93.409567 93.4075 0.020574
28 93.409567 93.297567 0.784
29 93.409567 93.403364 0.035274
30 93.409567 93.409567 0.0
0 91.989365 8.821915 29.558907
1 92.64704 25.507551 40.000785
2 92.33194 30.788869 39.922049
3 92.690612 49.099039 39.357764
4 92.33194 47.586346 39.974722
5 92.532142 54.749923 38.797971
6 93.202788 74.917522 31.597582
7 92.53194 63.265626 35.66703
8 92.690612 76.337913 26.720906
9 93.202788 86.667525 17.685252
10 93.409567 80.926354 26.248545
11 93.409567 84.731563 20.599573
12 93.409567 91.962731 2.12478
13 93.409567 91.148352 3.567664
14 93.409567 90.679327 5.99697
15 93.409567 91.028928 3.616091
16 93.409567 92.054211 2.310537
17 93.409567 91.73464 2.504745
18 93.409567 91.502436 2.588222
19 93.409567 92.245836 2.200652
20 93.409567 92.655246 1.878843
21 93.409567 92.602822 1.93501
22 93.409567 93.171093 1.095684
23 93.409567 93.009296 1.427128
24 93.409567 93.007228 1.426696
25 93.409567 93.069432 1.329196
26 93.409567 93.177296 1.096431
27 93.409567 93.1835 1.097142
28 93.409567 93.401296 0.04052
29 93.409567 93.297567 0.784
30 93.409567 93.4075 0.020574
0 92.140414 8.678072 30.555967
1 92.796054 14.336194 31.977461
2 92.690612 35.926447 38.978679
3 91.490612 37.559753 38.97294
4 93.062462 47.050789 40.510845
5 92.801503 48.957485 40.928699
6 93.002788 71.098267 29.545956
7 93.409567 76.073381 24.80734
8 93.324826 76.775092 22.401727
9 93.409567 82.434543 19.513305
10 93.409567 86.063709 14.40185
11 93.531096 88.037836 12.157133
12 93.409567 89.883374 5.670612
13 93.409567 88.926023 6.752859
14 93.409567 91.4197 2.494245
15 93.409567 90.9011 2.652274
16 93.409567 91.97221 2.30719
17 93.409567 92.391293 2.051058
18 93.409567 92.131204 2.284493
19 93.409567 92.261746 2.214448
20 93.409567 92.814415 1.670049
21 93.409567 92.98655 1.422206
22 93.409567 92.870415 1.593419
23 93.409567 92.721025 1.814533
24 93.409567 93.166957 1.095166
25 93.409567 93.231228 0.954533
26 93.409567 93.287228 0.783818
27 93.409567 93.237432 0.955
28 93.409567 93.349432 0.557529
29 93.409567 93.4075 0.020574
30 93.409567 93.4075 0.020574
0 91.969562 16.632572 34.880662
1 91.918596 14.38672 33.809496
2 92.658358 33.343892 36.74459
3 92.658358 51.233757 39.130572
4 93.002788 53.826689 36.686089
5 93.002788 58.450733 33.723827
6 93.409567 71.437531 29.278171
7 93.132142 70.782613 29.288655
8 93.409567 76.306456 22.785034
9 93.409567 83.448115 17.954011
10 93.409567 87.068229 13.344673
11 93.409567 86.079201 13.441196
12 93.409567 86.120993 14.020539
13 93.409567 89.037026 9.29305
14 93.409567 89.837036 10.032137
15 93.409567 89.264713 6.554282
16 93.409567 88.152296 10.657884
17 93.409567 90.102122 4.266448
18 93.409567 90.480587 6.676149
19 93.409567 91.127324 2.723583
20 93.409567 90.212289 3.905251
21 93.409567 91.89781 2.897371
22 93.409567 92.509676 3.105808
23 93.409567 92.977005 1.431175
24 93.409567 93.164889 1.094901
25 93.409567 93.177296 1.096431
26 93.409567 93.297567 0.784
27 93.409567 93.3515 0.557365
28 93.409567 93.3515 0.557365
29 93.409567 93.353567 0.557193
30 93.409567 93.403364 0.035274
0 91.490612 11.413118 31.51226
1 92.658358 18.687772 35.850028
2 92.635214 37.189817 38.20791
3 93.202788 51.378276 40.699869
4 93.002788 61.480924 36.965588
5 93.409567 61.581907 38.879574
6 93.409567 74.006929 31.83309
7 93.409567 86.126393 18.798082
8 93.409567 89.706308 9.936204
9 93.409567 89.334266 10.293054
10 93.409567 90.835722 3.050454
11 93.409567 91.021726 2.636734
12 93.409567 91.013583 2.621071
13 93.409567 91.798724 2.440278
14 93.409567 92.084175 2.315571
15 93.409567 91.971475 2.39251
16 93.409567 92.326017 2.175289
17 93.409567 92.92855 1.511643
18 93.409567 92.434822 2.094224
19 93.409567 92.675928 1.8739
20 93.409567 92.951228 1.51686
21 93.409567 93.0715 1.329563
22 93.409567 93.181432 1.096909
23 93.409567 93.2955 0.783975
24 93.409567 93.2395 0.955146
25 93.409567 93.237432 0.955
26 93.409567 93.353567 0.557193
27 93.409567 93.353567 0.557193
28 93.409567 93.409567 0.0
29 93.409567 93.409567 0.0
30 93.409567 93.409567 0.0
0 91.918596 8.277689 29.907245
1 91.490612 18.104483 34.584625
2 92.290612 32.806877 39.111136
3 92.33194 48.238021 40.277626
4 92.33194 61.743308 37.433308
5 92.467281 69.502123 33.119398
6 93.33194 71.871431 30.943904
7 93.379465 75.606465 28.449491
8 93.13194 81.771966 22.375693
9 93.467281 81.24343 25.429291
10 93.37505 86.23878 18.72849
11 93.467281 90.089935 10.24612
12 93.467281 92.171814 2.53036
13 93.467281 90.848878 8.827978
14 93.467281 90.320884 8.196753
15 93.467281 91.719874 5.4367
16 93.467281 91.184413 5.201281
17 93.467281 91.960937 3.945296
18 93.467281 92.729443 1.975012
19 93.467281 92.248512 3.967952
20 93.467281 92.14042 3.581977
21 93.467281 92.022536 3.962179
22 93.467281 93.036874 0.844431
23 93.467281 92.920553 1.947497
24 93.467281 92.906208 2.595816
25 93.467281 93.206215 0.706719
26 93.467281 93.229695 0.66985
27 93.467281 93.385256 0.39479
28 93.467281 93.202815 0.713396
29 93.467281 93.354938 0.46681
30 93.467281 93.397105 0.384585
0 91.93704 9.69296 28.541124
1 92.64704 17.028636 33.791098
2 93.336168 34.663381 38.525331
3 93.202788 49.864352 37.037564
4 93.409567 60.245239 36.662209
5 93.409567 66.916699 31.657148
6 93.409567 72.744062 29.244388
7 93.209567 80.608809 21.217744
8 93.202788 85.040683 16.030338
9 93.409567 86.143772 13.517042
10 93.409567 86.389743 15.095017
11 93.888012 88.563394 10.625916
12 93.409567 87.479823 15.255699
13 93.888012 88.946135 11.436828
14 93.894055 91.387764 3.684778
15 93.918596 88.412946 11.455091
16 93.924826 88.379721 12.551559
17 93.924826 93.336046 1.119794
18 93.924826 92.989418 1.586836
19 93.924826 93.032585 1.667129
20 93.924826 93.350184 1.37606
21 93.924826 93.66255 0.907888
22 93.924826 93.580343 1.056885
23 93.924826 93.477402 1.180414
24 93.924826 93.776703 0.724022
25 93.924826 93.852765 0.503097
26 93.924826 93.852765 0.503097
27 93.924826 93.817014 0.613044
28 93.924826 93.81689 0.613023
29 93.924826 93.924826 0.0
30 93.924826 93.924826 0.0
0 91.490612 12.716352 32.123336
1 92.64704 22.690364 37.274198
2 92.640945 36.469344 37.256724
3 92.690612 47.852812 39.993197
4 92.53704 58.016814 36.525935
5 93.202788 65.784058 31.313884
6 93.409567 69.01806 30.44785
7 93.409567 68.802414 29.753872
8 93.202788 74.532458 27.286882
9 93.409567 83.042233 20.950182
10 93.409567 90.031491 8.100749
11 93.409567 89.628214 7.488299
12 93.409567 91.40289 2.471994
13 93.409567 91.539744 2.416111
14 93.409567 91.411342 2.58825
15 93.409567 92.076617 2.274229
16 93.409567 92.134039 2.280299
17 93.409567 92.510301 1.970443
18 93.409567 92.535543 1.97247
19 93.409567 92.644483 1.871027
20 93.409567 92.701543 1.792676
21 93.409567 92.924347 1.510317
22 93.409567 93.162822 1.094632
23 93.409567 92.901432 1.601578
24 93.409567 93.289296 0.783866
25 93.409567 93.289296 0.783866
26 93.409567 93.405432 0.028949
27 93.409567 93.403364 0.035274
28 93.409567 93.403364 0.035274
29 93.409567 93.405432 0.028949
30 93.409567 93.4075 0.020574
0 92.282547 7.378147 28.004138
1 91.490612 12.369153 30.781788
2 91.77505 28.652735 39.181179
3 92.690612 34.317187 39.691771
4 92.64704 47.999046 41.073138
5 92.690612 56.868302 38.038371
6 92.690612 62.424171 31.971161
7 92.690612 66.612585 34.31876
8 93.327729 72.262664 29.30069
9 92.690612 78.088917 27.839108
10 93.327729 81.708077 24.219824
11 93.327729 90.278811 8.139332
12 93.327729 88.028454 15.292596
13 93.327729 91.601168 6.454126
14 93.327729 91.916399 6.526971
15 93.327729 93.125503 0.530437
16 93.327729 93.201452 0.502266
17 93.327729 93.299929 0.136504
18 93.327729 93.307326 0.116494
19 93.327729 93.300404 0.134286
20 93.327729 93.282442 0.271769
21 93.327729 93.327729 0.0
22 93.327729 93.327729 0.0
23 93.327729 93.327729 0.0
24 93.327729 93.327729 0.0
25 93.327729 93.327729 0.0
26 93.327729 93.321358 0.063392
27 93.327729 93.327729 0.0
28 93.327729 93.327729 0.0
29 93.327729 93.327729 0.0
30 93.327729 93.327729 0.0